0 untitled model
0 Name: 
0 Author: BrickCamp (by Tobias Buckdahn)
1 14 44.557705 0 -15.636154 0 0 1 0 1 0 -1 0 0 44728.dat
1 25 68.557709 -16 -15.636158 0 0 1 0 1 0 -1 0 0 44728.dat
1 14 92.557701 -32 -15.636156 0 0 1 0 1 0 -1 0 0 44728.dat
1 25 116.557693 -48 -15.636158 0 0 1 0 1 0 -1 0 0 44728.dat
1 14 146.557693 -25.999992 -15.636158 0 -1 0 0 0 1 -1 0 0 44728.dat
1 25 162.557693 -2 -15.636154 0 -1 0 0 0 1 -1 0 0 44728.dat
1 14 178.557693 22 -15.636154 0 -1 0 0 0 1 -1 0 0 44728.dat
1 25 194.557693 46 -15.636162 0 -1 0 0 0 1 -1 0 0 44728.dat
1 14 172.384109 76.217163 -15.636154 0 0 -1 0 -1 -0 -1 0 0 44728.dat
1 25 148.384109 92.217171 -15.636154 0 0 -1 0 -1 -0 -1 0 0 44728.dat
1 14 124.384102 108.217148 -15.636154 0 0 -1 0 -1 -0 -1 0 0 44728.dat
1 25 100.384117 124.217148 -15.636156 0 0 -1 0 -1 -0 -1 0 0 44728.dat
1 14 70.384109 102.217155 -15.636158 0 1 0 0 0 -1 -1 0 0 44728.dat
1 25 54.384117 78.217155 -15.636156 0 1 0 0 0 -1 -1 0 0 44728.dat
1 14 38.384121 54.217167 -15.636154 0 1 0 0 0 -1 -1 0 0 44728.dat
1 25 22.384144 30.217171 -15.636156 0 1 0 0 0 -1 -1 0 0 44728.dat
1 14 -16.335609 0 29.557304 -0.707107 0 -0.707107 0 1 0 0.707107 0 -0.707107 44728.dat
1 25 -33.306168 -16 12.58675 -0.707107 0 -0.707107 0 1 0 0.707107 0 -0.707107 44728.dat
1 14 -50.276718 -32 -4.383808 -0.707107 0 -0.707107 0 1 0 0.707107 0 -0.707107 44728.dat
1 25 -67.247284 -48 -21.35437 -0.707107 0 -0.707107 0 1 0 0.707107 0 -0.707107 44728.dat
1 14 -88.460495 -25.999992 -42.567574 -0.707107 0.707107 0 0 0 1 0.707107 0.707107 0 44728.dat
1 25 -99.774185 -2 -53.881279 -0.707107 0.707107 0 0 0 1 0.707107 0.707107 0 44728.dat
1 14 -111.087906 22 -65.195 -0.707107 0.707107 0 0 0 1 0.707107 0.707107 0 44728.dat
1 25 -122.401611 46 -76.508698 -0.707107 0.707107 0 0 0 1 0.707107 0.707107 0 44728.dat
1 14 -106.722488 76.217163 -60.829582 -0.707107 -0 0.707107 0 -1 -0 0.707107 -0 0.707107 44728.dat
1 25 -89.751923 92.217171 -43.859039 -0.707107 -0 0.707107 0 -1 -0 0.707107 -0 0.707107 44728.dat
1 14 -72.781387 108.217148 -26.88847 -0.707107 -0 0.707107 0 -1 -0 0.707107 -0 0.707107 44728.dat
1 25 -55.810837 124.217148 -9.917919 -0.707107 -0 0.707107 0 -1 -0 0.707107 -0 0.707107 44728.dat
1 14 -34.597626 102.217155 11.295284 -0.707107 -0.707106 -0 0 0 -1 0.707107 -0.707106 -0 44728.dat
1 25 -23.28392 78.217155 22.608994 -0.707107 -0.707106 -0 0 0 -1 0.707107 -0.707106 -0 44728.dat
1 14 -11.970215 54.217163 33.922699 -0.707107 -0.707106 -0 0 0 -1 0.707107 -0.707106 -0 44728.dat
1 25 -0.656525 30.217171 45.236389 -0.707107 -0.707106 -0 0 0 -1 0.707107 -0.707106 -0 44728.dat