0 untitled model
0 Name: 
0 Author: BrickCamp (by Tobias Buckdahn)
1 14 -9.800001 -6.1 0 0 0 -1 0 1 0 1 0 0 88292.dat
1 25 -18.779491 24.547441 0 0 -0.5 -0.866025 0 0.866025 -0.5 1 0 0 88292.dat
1 14 -41.666443 46.904564 0 0 -0.866025 -0.5 0 0.5 -0.866025 1 0 0 88292.dat
1 25 -72.697655 54.45182 0 0 -1 0 0 -0 -1 1 0 0 88292.dat
1 14 -103.681946 45.700775 0 0 -0.866025 0.5 0 -0.5 -0.866025 1 0 0 88292.dat
1 25 -125.733658 22.60059 0 0 -0.5 0.866025 0 -0.866025 -0.5 1 0 0 88292.dat
1 14 -133.81987 -8.787514 0 0 0 1 0 -1 0 1 0 0 88292.dat
1 25 -124.840378 -39.434963 0 0 0.5 0.866025 0 -0.866025 0.5 1 0 0 88292.dat
1 14 -101.95343 -61.792076 -0.000003 0 0.866025 0.5 0 -0.5 0.866025 1 0 0 88292.dat
1 25 -70.922211 -69.339333 0.000002 0 1 -0 0 0 1 1 0 0 88292.dat
1 14 -39.937927 -60.588287 0.000004 0 0.866025 -0.5 0 0.5 0.866025 1 0 0 88292.dat
1 25 -17.886223 -37.488113 0.000001 0 0.5 -0.866025 0 0.866025 0.5 1 0 0 88292.dat