0 untitled model
0 Name: 
0 Author: BrickCamp (by Tobias Buckdahn)
1 25 -40 0 10 1 0 0 0 1 0 -0 0 1 6565.dat
1 14 -60 -24 10 1 0 0 0 1 0 -0 0 1 6564.dat
1 25 -40 -48 10 1 0 0 0 1 0 -0 0 1 6565.dat
1 14 -60 -72 10 1 0 0 0 1 0 -0 0 1 6564.dat
1 25 -10.603076 0 0.579799 0.939693 0 0.34202 0 1 0 -0.34202 0 0.939693 6565.dat
1 14 -29.396923 -24 7.4202 0.939693 0 0.34202 0 1 0 -0.34202 0 0.939693 6564.dat
1 25 -10.603076 -48 0.579799 0.939693 0 0.34202 0 1 0 -0.34202 0 0.939693 6565.dat
1 14 -29.396923 -72 7.4202 0.939692 0 0.34202 0 1 0 -0.34202 0 0.939692 6564.dat
1 25 14.015125 0 -17.473576 0.766044 0 0.642788 0 1 0 -0.642788 0 0.766044 6565.dat
1 14 -1.305763 -24 -4.617825 0.766044 0 0.642788 0 1 0 -0.642788 0 0.766044 6564.dat
1 25 14.015125 -48 -17.473576 0.766044 0 0.642788 0 1 0 -0.642788 0 0.766044 6565.dat
1 14 -1.305763 -72 -4.617825 0.766044 0 0.642788 0 1 0 -0.642788 0 0.766044 6564.dat
1 25 30.479286 0 -43.585846 0.5 0 0.866025 0 1 0 -0.866025 0 0.5 6565.dat
1 14 20.479294 -24 -26.265343 0.5 0 0.866025 0 1 0 -0.866025 0 0.5 6564.dat
1 25 30.479286 -48 -43.585846 0.5 0 0.866025 0 1 0 -0.866025 0 0.5 6565.dat
1 14 20.479294 -72 -26.265343 0.5 0 0.866025 0 1 0 -0.866025 0 0.5 6564.dat
1 25 37.532509 0 -73.872581 0.173648 0 0.984808 0 1 0 -0.984808 0 0.173648 6565.dat
1 14 34.059547 -24 -54.176426 0.173648 0 0.984808 0 1 0 -0.984808 0 0.173648 6564.dat
1 25 37.532509 -48 -73.872581 0.173648 0 0.984808 0 1 0 -0.984808 0 0.173648 6565.dat
1 14 34.059547 -72 -54.176426 0.173648 0 0.984808 0 1 0 -0.984808 0 0.173648 6564.dat
1 25 33.360146 0 -104.458702 -0.173648 0 0.984808 0 1 0 -0.984808 0 -0.173648 6565.dat
1 14 36.833107 -24 -84.76255 -0.173648 0 0.984808 0 1 0 -0.984808 0 -0.173648 6564.dat
1 25 33.360146 -48 -104.458702 -0.173648 0 0.984808 0 1 0 -0.984808 0 -0.173648 6565.dat
1 14 36.833107 -72 -84.76255 -0.173648 0 0.984808 0 1 0 -0.984808 0 -0.173648 6564.dat
1 25 19.206936 0 -131.635773 -0.5 0 0.866025 0 1 0 -0.866025 0 -0.5 6565.dat
1 14 29.20694 -24 -114.315269 -0.5 0 0.866025 0 1 0 -0.866025 0 -0.5 6564.dat
1 25 19.206936 -48 -131.635773 -0.5 0 0.866025 0 1 0 -0.866025 0 -0.5 6565.dat
1 14 29.20694 -72 -114.315269 -0.5 0 0.866025 0 1 0 -0.866025 0 -0.5 6564.dat
1 25 -3.649662 0 -152.384155 -0.766044 0 0.642788 0 1 0 -0.642788 0 -0.766044 6565.dat
1 14 11.671223 -24 -139.528412 -0.766044 0 0.642788 0 1 0 -0.642788 0 -0.766044 6564.dat
1 25 -3.649662 -48 -152.384155 -0.766044 0 0.642788 0 1 0 -0.642788 0 -0.766044 6565.dat
1 14 11.671223 -72 -139.528412 -0.766044 0 0.642787 0 1 0 -0.642787 0 -0.766044 6564.dat
1 25 -31.593445 0 -164.67746 -0.939693 0 0.34202 0 1 0 -0.34202 0 -0.939693 6565.dat
1 14 -12.799593 -24 -157.837067 -0.939693 0 0.34202 0 1 0 -0.34202 0 -0.939693 6564.dat
1 25 -31.593445 -48 -164.67746 -0.939693 0 0.34202 0 1 0 -0.34202 0 -0.939693 6565.dat
1 25 -62.439415 0 -165.8797 -1 0 0 0 1 0 0 0 -1 6565.dat
1 14 -42.439423 -24 -165.879715 -1 0 0 0 1 0 0 0 -1 6564.dat
1 25 -62.439415 -48 -165.8797 -1 0 0 0 1 0 0 0 -1 6565.dat
1 25 -92.195114 0 -156.844604 -0.939693 0 -0.34202 0 1 0 0.34202 0 -0.939693 6565.dat
1 14 -73.40126 -24 -163.685013 -0.939693 0 -0.34202 0 1 0 0.34202 0 -0.939693 6564.dat
1 25 -92.195114 -48 -156.844604 -0.939693 0 -0.34202 0 1 0 0.34202 0 -0.939693 6565.dat
1 25 -116.597275 0 -137.938171 -0.766044 0 -0.642788 0 1 0 0.642788 0 -0.766044 6565.dat
1 14 -101.276398 -24 -150.793915 -0.766044 0 -0.642788 0 1 0 0.642788 0 -0.766044 6564.dat
1 25 -116.597275 -48 -137.938171 -0.766044 0 -0.642788 0 1 0 0.642788 0 -0.766044 6565.dat
1 25 -134.132812 0 -112.338547 -0.5 0 -0.866026 0 1 0 0.866026 0 -0.5 6565.dat
1 14 -124.132812 -24 -129.659058 -0.5 0 -0.866026 0 1 0 0.866026 0 -0.5 6564.dat
1 25 -134.132812 -48 -112.338547 -0.5 0 -0.866026 0 1 0 0.866026 0 -0.5 6565.dat
1 14 -124.132812 -72 -129.659058 -0.5 0 -0.866026 0 1 0 0.866026 0 -0.5 6564.dat
1 25 -140.673126 0 -82.169968 -0.173648 0 -0.984808 0 1 0 0.984808 0 -0.173648 6565.dat
1 14 -137.20018 -24 -101.866104 -0.173648 0 -0.984808 0 1 0 0.984808 0 -0.173648 6564.dat
1 25 -140.673126 -48 -82.169968 -0.173648 0 -0.984808 0 1 0 0.984808 0 -0.173648 6565.dat
1 14 -137.20018 -72 -101.866104 -0.173648 0 -0.984808 0 1 0 0.984808 0 -0.173648 6564.dat
1 25 -137.347549 0 -51.823288 0.173648 0 -0.984808 0 1 0 0.984808 0 0.173648 6565.dat
1 14 -140.820526 -24 -71.51944 0.173648 0 -0.984808 0 1 0 0.984808 0 0.173648 6564.dat
1 25 -137.347549 -48 -51.823288 0.173648 0 -0.984808 0 1 0 0.984808 0 0.173648 6565.dat
1 14 -140.820526 -72 -71.51944 0.173648 0 -0.984808 0 1 0 0.984808 0 0.173648 6564.dat
1 25 -122.965729 0 -24.508774 0.5 0 -0.866025 0 1 0 0.866025 0 0.5 6565.dat
1 14 -132.965744 -24 -41.829269 0.5 0 -0.866025 0 1 0 0.866025 0 0.5 6564.dat
1 25 -122.965729 -48 -24.508774 0.5 0 -0.866025 0 1 0 0.866025 0 0.5 6565.dat
1 14 -132.965744 -72 -41.829269 0.5 0 -0.866025 0 1 0 0.866025 0 0.5 6564.dat
1 25 -100.26326 0 -3.257126 0.766044 0 -0.642788 0 1 0 0.642788 0 0.766044 6565.dat
1 14 -115.584167 -24 -16.112877 0.766044 0 -0.642788 0 1 0 0.642788 0 0.766044 6564.dat
1 25 -100.26326 -48 -3.257126 0.766044 0 -0.642788 0 1 0 0.642788 0 0.766044 6565.dat
1 14 -115.584167 -72 -16.112877 0.766044 0 -0.642788 0 1 0 0.642788 0 0.766044 6564.dat
1 25 -71.688736 0 8.422546 0.939693 0 -0.34202 0 1 0 0.34202 0 0.939693 6565.dat
1 14 -90.482574 -24 1.582153 0.939693 0 -0.34202 0 1 0 0.34202 0 0.939693 6564.dat
1 25 -71.688736 -48 8.422546 0.939693 0 -0.34202 0 1 0 0.34202 0 0.939693 6565.dat
1 14 -90.482574 -72 1.582153 0.939692 0 -0.34202 0 1 0 0.34202 0 0.939692 6564.dat