0 untitled model
0 Name: 
0 Author: BrickCamp (by Tobias Buckdahn)
1 71 -10 -8 140 1 0 0 0 1 0 -0 0 1 61406p03.dat
1 14 -30 0 130 0.965926 0 -0.258819 0 1 0 0.258819 0 0.965926 2429.dat
1 14 -30 0 130 1 0 0 0 1 0 -0 0 1 2430.dat
1 71 -52 -8 134.499969 0.965926 0 -0.258819 0 1 0 0.258819 0 0.965926 61406p03.dat
1 71 71.102859 -8 118.365349 0.866025 0 0.5 0 1 0 -0.5 0 0.866025 61406p03.dat
1 14 48.782349 0 119.705093 0.965926 0 0.258819 0 1 0 -0.258819 0 0.965926 2429.dat
1 14 48.782349 0 119.705093 0.866025 0 0.5 0 1 0 -0.5 0 0.866025 2430.dat
1 71 31.979778 -8 134.602173 0.965926 0 0.258819 0 1 0 -0.258819 0 0.965926 61406p03.dat
1 14 10.204342 8 130.242798 1 0 0 0 1 0 -0 0 1 2429.dat
1 14 10.204342 8 130.242798 0.965926 0 0.258819 0 1 0 -0.258819 0 0.965926 2430.dat
1 14 -68.712982 8 119.511093 0.866025 0 -0.5 0 1 0 0.5 0 0.866025 2429.dat
1 14 -68.712982 8 119.511093 0.965926 0 -0.258819 0 1 0 0.258819 0 0.965926 2430.dat
1 71 -150.294128 -8 58.593315 0.5 0 -0.866025 0 1 0 0.866025 0 0.5 61406p03.dat
1 14 -151.633881 0 36.272812 0.258819 0 -0.965926 0 1 0 0.965926 0 0.258819 2429.dat
1 14 -151.633881 0 36.272812 0.5 0 -0.866025 0 1 0 0.866025 0 0.5 2430.dat
1 71 -166.530975 -8 19.470221 0.258819 0 -0.965926 0 1 0 0.965926 0 0.258819 61406p03.dat
1 71 -91.006523 -8 118.01313 0.866025 0 -0.5 0 1 0 0.5 0 0.866025 61406p03.dat
1 14 -103.327026 0 99.352882 0.707107 0 -0.707107 0 1 0 0.707107 0 0.707107 2429.dat
1 14 -103.327026 0 99.352882 0.866025 0 -0.5 0 1 0 0.5 0 0.866025 2430.dat
1 71 -124.629562 -8 92.249962 0.707107 0 -0.707107 0 1 0 0.707107 0 0.707107 61406p03.dat
1 14 -131.741989 8 71.212196 0.5 0 -0.866025 0 1 0 0.866025 0 0.5 2429.dat
1 14 -131.741989 8 71.212196 0.707107 0 -0.707107 0 1 0 0.707107 0 0.707107 2430.dat
1 14 -161.906708 8 -2.498083 -0 0 -1 0 1 0 1 0 -0 2429.dat
1 14 -161.906708 8 -2.498083 0.258819 0 -0.965926 0 1 0 0.965926 0 0.258819 2430.dat
1 71 -150.091522 -8 -103.594032 -0.5 0 -0.866025 0 1 0 0.866025 0 -0.5 61406p03.dat
1 14 -131.431274 0 -115.914543 -0.707107 0 -0.707107 0 1 0 0.707107 0 -0.707107 2429.dat
1 14 -131.431274 0 -115.914543 -0.5 0 -0.866025 0 1 0 0.866025 0 -0.5 2430.dat
1 71 -124.328392 -8 -137.217056 -0.707107 0 -0.707107 0 1 0 0.707107 0 -0.707107 61406p03.dat
1 71 -171.906799 -8 -22.53956 -0 0 -1 0 1 0 1 0 -0 61406p03.dat
1 14 -161.906799 0 -42.539574 -0.258819 0 -0.965926 0 1 0 0.965926 0 -0.258819 2429.dat
1 14 -161.906799 0 -42.539574 -0 0 -1 0 1 0 1 0 -0 2430.dat
1 71 -166.406769 -8 -64.539558 -0.258819 0 -0.965926 0 1 0 0.965926 0 -0.258819 61406p03.dat
1 14 -151.743713 8 -81.217949 -0.5 0 -0.866025 0 1 0 0.866025 0 -0.5 2429.dat
1 14 -151.743713 8 -81.217949 -0.258819 0 -0.965926 0 1 0 0.965926 0 -0.258819 2430.dat
1 14 -102.991142 8 -144.196487 -0.866025 0 -0.5 0 1 0 0.5 0 -0.866025 2429.dat
1 14 -102.991142 8 -144.196487 -0.707107 0 -0.707107 0 1 0 0.707107 0 -0.707107 2430.dat
1 71 -9.444216 -8 -184.388947 -1 0 0 0 1 0 -0 0 -1 61406p03.dat
1 14 10.555784 0 -174.388947 -0.965926 0 0.258819 0 1 0 -0.258819 0 -0.965926 2429.dat
1 14 10.555784 0 -174.388947 -1 0 0 0 1 0 -0 0 -1 2430.dat
1 71 32.555794 -8 -178.888916 -0.965926 0 0.258819 0 1 0 -0.258819 0 -0.965926 61406p03.dat
1 71 -90.547096 -8 -162.754272 -0.866025 0 -0.5 0 1 0 0.5 0 -0.866025 61406p03.dat
1 14 -68.226593 0 -164.094025 -0.965926 0 -0.258819 0 1 0 0.258819 0 -0.965926 2429.dat
1 14 -68.226593 0 -164.094025 -0.866025 0 -0.5 0 1 0 0.5 0 -0.866025 2430.dat
1 71 -51.424019 -8 -178.991089 -0.965926 0 -0.258819 0 1 0 0.258819 0 -0.965926 61406p03.dat
1 14 -29.648558 8 -174.63176 -1 0 0 0 1 0 -0 0 -1 2429.dat
1 14 -29.648558 8 -174.63176 -0.965926 0 -0.258819 0 1 0 0.258819 0 -0.965926 2430.dat
1 14 49.268776 8 -163.900024 -0.866025 0 0.5 0 1 0 -0.5 0 -0.866025 2429.dat
1 14 49.268776 8 -163.900024 -0.965926 0 0.258819 0 1 0 -0.258819 0 -0.965926 2430.dat
1 71 130.582932 -8 -103.405304 -0.5 0 0.866025 0 1 0 -0.866025 0 -0.5 61406p03.dat
1 14 131.922684 0 -81.084793 -0.258819 0 0.965926 0 1 0 -0.965926 0 -0.258819 2429.dat
1 14 131.922684 0 -81.084793 -0.5 0 0.866025 0 1 0 -0.866025 0 -0.5 2430.dat
1 71 146.819763 -8 -64.282219 -0.258819 0 0.965926 0 1 0 -0.965926 0 -0.258819 61406p03.dat
1 71 71.295334 -8 -162.825104 -0.866025 0 0.5 0 1 0 -0.5 0 -0.866025 61406p03.dat
1 14 83.615852 0 -144.164856 -0.707107 0 0.707107 0 1 0 -0.707107 0 -0.707107 2429.dat
1 14 83.615852 0 -144.164856 -0.866025 0 0.5 0 1 0 -0.5 0 -0.866025 2430.dat
1 71 104.918381 -8 -137.061951 -0.707107 0 0.707107 0 1 0 -0.707107 0 -0.707107 61406p03.dat
1 14 112.030777 8 -116.02417 -0.5 0 0.866025 0 1 0 -0.866025 0 -0.5 2429.dat
1 14 112.030777 8 -116.02417 -0.707107 0 0.707107 0 1 0 -0.707107 0 -0.707107 2430.dat
1 14 142.195511 8 -42.313911 -0 0 1 0 1 0 -1 0 -0 2429.dat
1 14 142.195511 8 -42.313911 -0.258819 0 0.965926 0 1 0 -0.965926 0 -0.258819 2430.dat
1 71 130.229752 -8 58.796326 0.5 0 0.866025 0 1 0 -0.866025 0 0.5 61406p03.dat
1 14 111.569504 0 71.116837 0.707107 0 0.707107 0 1 0 -0.707107 0 0.707107 2429.dat
1 14 111.569504 0 71.116837 0.5 0 0.866025 0 1 0 -0.866025 0 0.5 2430.dat
1 71 104.466583 -8 92.419403 0.707107 0 0.707107 0 1 0 -0.707107 0 0.707107 61406p03.dat
1 71 152.045013 -8 -22.25816 -0 0 1 0 1 0 -1 0 -0 61406p03.dat
1 14 142.045013 0 -2.258163 0.258819 0 0.965926 0 1 0 -0.965926 0 0.258819 2429.dat
1 14 142.045013 0 -2.258163 -0 0 1 0 1 0 -1 0 -0 2430.dat
1 71 146.544983 -8 19.741829 0.258819 0 0.965926 0 1 0 -0.965926 0 0.258819 61406p03.dat
1 14 131.881943 8 36.420258 0.5 0 0.866025 0 1 0 -0.866025 0 0.5 2429.dat
1 14 131.881943 8 36.420258 0.258819 0 0.965926 0 1 0 -0.965926 0 0.258819 2430.dat
1 14 83.129333 8 99.398804 0.866025 0 0.5 0 1 0 -0.5 0 0.866025 2429.dat
1 14 83.129333 8 99.398804 0.707107 0 0.707107 0 1 0 -0.707107 0 0.707107 2430.dat
1 71 -215.444214 -8 -154.388947 -1 0 0 0 1 0 -0 0 -1 61406p03.dat