0 untitled model
0 Name: 
0 Author: BrickCamp (by Tobias Buckdahn)
1 25 69.781479 -48 -6.079114 0.978148 0 0.207912 0 1 0 -0.207912 0 0.978148 3062b.dat
1 14 41 -48 2.000005 0.913546 0 0.406737 0 1 0 -0.406737 0 0.913546 3004.dat
1 25 50.13546 -72 -2.067364 0.913546 0 0.406737 0 1 0 -0.406737 0 0.913546 3062b.dat
1 25 127.994827 -48 6.679255 0.913545 0 -0.406737 0 1 0 0.406737 0 0.913545 3062b.dat
1 14 99.961334 -48 -3.701929 0.978148 0 -0.207912 0 1 0 0.207912 0 0.978148 3004.dat
1 25 109.742813 -72 -1.62281 0.978148 0 -0.207912 0 1 0 0.207912 0 0.978148 3062b.dat
1 335 167.36441 -48 50.915234 0.5 0 -0.866025 0 1 0 0.866025 0 0.5 3062b.dat
1 4 150.786743 -48 26.039005 0.669131 0 -0.743145 0 1 0 0.743145 0 0.669131 3004.dat
1 335 157.478058 -72 33.470455 0.669131 0 -0.743145 0 1 0 0.743145 0 0.669131 3062b.dat
1 25 173.219406 -48 110.22197 -0.104528 0 -0.994522 0 1 0 0.994522 0 -0.104528 3062b.dat
1 14 174.429657 -48 80.35257 0.104528 0 -0.994522 0 1 0 0.994522 0 0.104528 3004.dat
1 25 175.474945 -72 90.297783 0.104528 0 -0.994522 0 1 0 0.994522 0 0.104528 3062b.dat
1 25 143.052124 -48 161.216919 -0.669131 0 -0.743145 0 1 0 0.743145 0 -0.669131 3062b.dat
1 14 161.588028 -48 137.763428 -0.5 0 -0.866025 0 1 0 0.866025 0 -0.5 3004.dat
1 25 156.588043 -72 146.423691 -0.5 0 -0.866025 0 1 0 0.866025 0 -0.5 3062b.dat
1 25 88.457352 -48 185.112122 -0.978148 0 -0.207912 0 1 0 0.207912 0 -0.978148 3062b.dat
1 14 117.238831 -48 177.033005 -0.913545 0 -0.406737 0 1 0 0.406737 0 -0.913545 3004.dat
1 25 108.103363 -72 181.100372 -0.913545 0 -0.406737 0 1 0 0.406737 0 -0.913545 3062b.dat
1 25 30.605423 -48 172.465332 -0.913545 0 0.406737 0 1 0 -0.406737 0 -0.913545 3062b.dat
1 14 58.638908 -48 182.846512 -0.978148 0 0.207912 0 1 0 -0.207912 0 -0.978148 3004.dat
1 25 48.857445 -72 180.76741 -0.978148 0 0.207912 0 1 0 -0.207912 0 -0.978148 3062b.dat
1 25 -8.99099 -48 127.926666 -0.5 0 0.866025 0 1 0 -0.866025 0 -0.5 3062b.dat
1 14 7.586685 -48 152.802872 -0.669131 0 0.743145 0 1 0 -0.743145 0 -0.669131 3004.dat
1 25 0.895401 -72 145.371429 -0.669131 0 0.743145 0 1 0 -0.743145 0 -0.669131 3062b.dat
1 25 -14.876801 -48 69.276413 0.104528 0 0.994522 0 1 0 -0.994522 0 0.104528 3062b.dat
1 14 -16.087097 -48 99.145813 -0.104528 0 0.994522 0 1 0 -0.994522 0 -0.104528 3004.dat
1 25 -17.132355 -72 89.200584 -0.104528 0 0.994522 0 1 0 -0.994522 0 -0.104528 3062b.dat
1 25 15.246033 -48 17.854782 0.669131 0 0.743145 0 1 0 -0.743145 0 0.669131 3062b.dat
1 14 -3.289886 -48 41.308258 0.5 0 0.866025 0 1 0 -0.866025 0 0.5 3004.dat
1 25 1.710114 -72 32.648003 0.5 0 0.866025 0 1 0 -0.866025 0 0.5 3062b.dat
1 14 80 -72 -5.999996 1 0 0 0 1 0 0 0 1 3004.dat
1 25 90 -96 -5.999997 1 0 0 0 1 0 0 0 1 3062b.dat
1 14 60 -96 -3.999996 0.978148 0 0.207912 0 1 0 -0.207912 0 0.978148 3004.dat
1 4 136.215271 -72 12.749559 0.809017 0 -0.587785 0 1 0 0.587785 0 0.809017 3004.dat
1 335 144.30545 -96 18.627411 0.809017 0 -0.587785 0 1 0 0.587785 0 0.809017 3062b.dat
1 4 118.859367 -96 2.61189 0.913545 0 -0.406737 0 1 0 0.406737 0 0.913545 3004.dat
1 14 170.446869 -72 60.658066 0.309017 0 -0.951057 0 1 0 0.951057 0 0.309017 3004.dat
1 25 173.537033 -96 70.16864 0.309017 0 -0.951057 0 1 0 0.951057 0 0.309017 3062b.dat
1 14 162.364426 -96 42.254982 0.5 0 -0.866025 0 1 0 0.866025 0 0.5 3004.dat
1 14 169.98645 -72 119.915901 -0.309017 0 -0.951057 0 1 0 0.951057 0 -0.309017 3004.dat
1 25 166.896286 -96 129.426483 -0.309017 0 -0.951057 0 1 0 0.951057 0 -0.309017 3062b.dat
1 14 174.264679 -96 100.276741 -0.104528 0 -0.994522 0 1 0 0.994522 0 -0.104528 3004.dat
1 14 134.738647 -72 167.159195 -0.809017 0 -0.587785 0 1 0 0.587785 0 -0.809017 3004.dat
1 25 126.648483 -96 173.037048 -0.809017 0 -0.587785 0 1 0 0.587785 0 -0.809017 3062b.dat
1 14 149.743439 -96 153.785461 -0.669131 0 -0.743145 0 1 0 0.743145 0 -0.669131 3004.dat
1 14 78.238831 -72 185.03299 -1 0 -0 0 1 0 0 0 -1 3004.dat
1 25 68.238815 -96 185.033005 -1 0 -0 0 1 0 0 0 -1 3062b.dat
1 14 98.238831 -96 183.03302 -0.978148 0 -0.207912 0 1 0 0.207912 0 -0.978148 3004.dat
1 14 22.384975 -72 166.39505 -0.809017 0 0.587785 0 1 0 -0.587785 0 -0.809017 3004.dat
1 25 14.294815 -96 160.517197 -0.809017 0 0.587785 0 1 0 -0.587785 0 -0.809017 3062b.dat
1 14 39.740868 -96 176.5327 -0.913545 0 0.406737 0 1 0 -0.406737 0 -0.913545 3004.dat
1 14 -12.073425 -72 118.183823 -0.309017 0 0.951057 0 1 0 -0.951057 0 -0.309017 3004.dat
1 25 -15.163597 -96 108.673241 -0.309017 0 0.951057 0 1 0 -0.951057 0 -0.309017 3062b.dat
1 14 -3.990982 -96 136.586899 -0.5 0 0.866025 0 1 0 -0.866025 0 -0.5 3004.dat
1 14 -11.64386 -72 59.582474 0.309017 0 0.951057 0 1 0 -0.951057 0 0.309017 3004.dat
1 25 -8.553696 -96 50.071907 0.309017 0 0.951057 0 1 0 -0.951057 0 0.309017 3062b.dat
1 14 -15.922089 -96 79.221634 0.104528 0 0.994522 0 1 0 -0.994522 0 0.104528 3004.dat
1 14 23.559494 -72 11.912502 0.809017 0 0.587785 0 1 0 -0.587785 0 0.809017 3004.dat
1 25 31.649658 -96 6.034637 0.809017 0 0.587785 0 1 0 -0.587785 0 0.809017 3062b.dat
1 14 8.554733 -96 25.286232 0.669131 0 0.743145 0 1 0 -0.743145 0 0.669131 3004.dat