0 untitled model
0 Name: 
0 Author: BrickCamp (by Tobias Buckdahn)
1 14 0 0 0 1 0 0 0 1 0 -0 0 1 30137.dat
1 14 20 -24 0 1 0 0 0 1 0 -0 0 1 30137.dat
1 14 0 -48 0 1 0 0 0 1 0 -0 0 1 30137.dat
1 25 59 0 29 0.309017 0 -0.951056 0 1 0 0.951056 0 0.309017 30137.dat
1 25 65 -24 48 0.309017 0 -0.951056 0 1 0 0.951056 0 0.309017 30137.dat
1 25 59 -48 29 0.309017 0 -0.951056 0 1 0 0.951056 0 0.309017 30137.dat
1 14 50.02438 0 93.872299 -0.809017 0 -0.587785 0 1 0 0.587785 0 -0.809017 30137.dat
1 14 33.84404 -24 105.628006 -0.809017 0 -0.587785 0 1 0 0.587785 0 -0.809017 30137.dat
1 14 50.02438 -48 93.872299 -0.809017 0 -0.587785 0 1 0 0.587785 0 -0.809017 30137.dat
1 14 -14.753399 0 105.090134 -0.809017 0 0.587785 0 1 0 -0.587785 0 -0.809017 30137.dat
1 14 -30.775417 -24 93.245522 -0.809017 0 0.587785 0 1 0 -0.587785 0 -0.809017 30137.dat
1 14 -14.753399 -48 105.090134 -0.809017 0 0.587785 0 1 0 -0.587785 0 -0.809017 30137.dat
1 14 -45.921322 0 47.616837 0.309017 0 0.951056 0 1 0 -0.951056 0 0.309017 30137.dat
1 14 -39.607502 -24 28.718811 0.309017 0 0.951056 0 1 0 -0.951056 0 0.309017 30137.dat
1 14 -45.921322 -48 47.616837 0.309017 0 0.951056 0 1 0 -0.951056 0 0.309017 30137.dat