0 untitled model
0 Name: model.ldr
0 Author: BrickCamp (by Tobias Buckdahn)
0 ROTATION CENTER 0 0 0 1 "Custom" 
0 ROTATION CONFIG 0 0
1 14 134 48 -0 1 0 0 0 1 0 -0 0 1 3021.dat
1 14 144 40 1e-006 1 0 0 0 1 0 -0 0 1 3022.dat
1 4 114 48 0 -0 0 1 0 1 0 -1 0 -0 85984.dat
1 4 134 40 -0 -0 0 1 0 1 0 -1 0 -0 85984.dat
1 25 154 16 -3e-006 -0 0 1 0 1 0 -1 0 -0 3937.dat
1 125 149 18 -1e-006 0 0.5 -0.866025 0 0.866025 0.5 1 -0 -0 6134.dat
1 14 125.759 75.1985 -3e-006 0.866025 -0.5 0 0.5 0.866025 0 -0 0 1 3021.dat
1 14 138.419 73.2703 -1e-006 0.866025 -0.5 0 0.5 0.866025 0 -0 0 1 3022.dat
1 4 108.438 65.1985 -3e-006 -0 -0.5 0.866025 -0 0.866025 0.5 -1 0 -0 85984.dat
1 4 129.759 68.2703 -4e-006 -0 -0.5 0.866025 -0 0.866025 0.5 -1 0 -0 85984.dat
1 25 159.079 57.4857 -6e-006 -0 -0.5 0.866025 -0 0.866025 0.5 -1 0 -0 3937.dat
1 125 153.749 56.7178 -3e-006 0 -0 -1 0 1 0 1 0 -0 6134.dat
1 14 105.246 95.0397 -0 0.5 -0.866025 0 0.866025 0.5 0 -0 0 1 3021.dat
1 14 117.175 99.7 1e-006 0.5 -0.866025 0 0.866025 0.5 0 -0 0 1 3022.dat
1 4 95.2464 77.7192 0 -0 -0.866025 0.5 -0 0.5 0.866025 -1 0 -0 85984.dat
1 4 112.175 91.0397 -0 -0 -0.866025 0.5 -0 0.5 0.866025 -1 0 -0 85984.dat
1 25 142.959 96.3602 -3e-006 -0 -0.866025 0.5 -0 0.5 0.866025 -1 0 -0 3937.dat
1 125 138.727 93.0301 -1e-006 0 -0.5 -0.866025 0 0.866025 -0.5 1 -0 -0 6134.dat
1 14 77.5711 101.502 -3e-006 -0 -1 -0 0.999999 -0 0 -0 0 1 3021.dat
1 14 85.5712 111.502 -1e-006 -0 -1 -0 0.999999 -0 0 -0 0 1 3022.dat
1 4 77.5711 81.5018 -3e-006 0 -1 -0 -0 -0 0.999999 -1 0 -0 85984.dat
1 4 85.5711 101.502 -4e-006 0 -1 -0 -0 -0 0.999999 -1 0 -0 85984.dat
1 25 109.571 121.502 -6e-006 0 -1 -0 -0 -0 0.999999 -1 0 -0 3937.dat
1 125 107.571 116.502 -3e-006 -0 -0.866025 -0.5 0 0.5 -0.866025 1 0 -0 6134.dat
1 14 50.4538 93.7454 -0 -0.5 -0.866025 -0 0.866025 -0.5 0 -0 0 1 3021.dat
1 14 52.382 106.406 1e-006 -0.5 -0.866025 -0 0.866025 -0.5 0 -0 0 1 3022.dat
1 4 60.4538 76.4249 0 0 -0.866025 -0.5 -0 -0.5 0.866025 -1 0 -0 85984.dat
1 4 57.382 97.7454 -0 0 -0.866025 -0.5 -0 -0.5 0.866025 -1 0 -0 85984.dat
1 25 68.1666 127.066 -3e-006 0 -0.866025 -0.5 -0 -0.5 0.866025 -1 0 -0 3937.dat
1 125 68.9345 121.736 -1e-006 -0 -1 -0 0 -0 -1 1 -0 -0 6134.dat
1 14 31.0198 73.0089 -3e-006 -0.866025 -0.5 -0 0.5 -0.866025 0 -0 0 1 3021.dat
1 14 26.3595 84.9372 -1e-006 -0.866025 -0.5 -0 0.5 -0.866025 0 -0 0 1 3022.dat
1 4 48.3403 63.0089 -3e-006 0 -0.5 -0.866025 -0 -0.866025 0.5 -1 0 -0 85984.dat
1 4 35.0198 79.9372 -4e-006 0 -0.5 -0.866025 -0 -0.866025 0.5 -1 0 -0 85984.dat
1 25 29.6993 110.722 -6e-006 0 -0.5 -0.866025 -0 -0.866025 0.5 -1 0 -0 3937.dat
1 125 33.0294 106.49 -3e-006 -0 -0.866025 0.5 0 -0.5 -0.866025 1 0 -0 6134.dat
1 14 24.093 45.3242 -0 -1 0 -0 -0 -1 -0 -0 0 1 3021.dat
1 14 14.093 53.3242 1e-006 -1 0 -0 -0 -1 -0 -0 0 1 3022.dat
1 4 44.093 45.3242 0 0 0 -1 0 -1 -0 -1 0 -0 85984.dat
1 4 24.093 53.3242 -0 0 0 -1 0 -1 -0 -1 0 -0 85984.dat
1 25 4.09297 77.3242 -3e-006 0 0 -1 0 -1 -0 -1 0 -0 3937.dat
1 125 9.09297 75.3242 -1e-006 -0 -0.5 0.866025 -0 -0.866025 -0.5 1 -0 -0 6134.dat
1 14 32.3343 18.1257 -3e-006 -0.866025 0.5 -0 -0.5 -0.866025 -0 -0 0 1 3021.dat
1 14 19.674 20.0539 -1e-006 -0.866025 0.5 -0 -0.5 -0.866025 -0 -0 0 1 3022.dat
1 4 49.6548 28.1257 -3e-006 0 0.5 -0.866025 0 -0.866025 -0.5 -1 0 -0 85984.dat
1 4 28.3343 25.0539 -4e-006 0 0.5 -0.866025 0 -0.866025 -0.5 -1 0 -0 85984.dat
1 25 -0.986244 35.8385 -6e-006 0 0.5 -0.866025 0 -0.866025 -0.5 -1 0 -0 3937.dat
1 125 4.34387 36.6064 -3e-006 -0 0 1 -0 -1 0 1 0 -0 6134.dat
1 14 53.0121 -1.69844 -0 -0.5 0.866025 -0 -0.866025 -0.5 -0 -0 0 1 3021.dat
1 14 41.0839 -6.35869 1e-006 -0.5 0.866025 -0 -0.866025 -0.5 -0 -0 0 1 3022.dat
1 4 63.0121 15.6221 0 0 0.866025 -0.5 0 -0.5 -0.866025 -1 0 -0 85984.dat
1 4 46.0839 2.30156 -0 0 0.866025 -0.5 0 -0.5 -0.866025 -1 0 -0 85984.dat
1 25 15.2993 -3.01894 -3e-006 0 0.866025 -0.5 0 -0.5 -0.866025 -1 0 -0 3937.dat
1 125 19.5314 0.311188 -1e-006 -0 0.5 0.866025 -0 -0.866025 0.5 1 -0 -0 6134.dat
1 14 80.6874 -8.16053 -3e-006 -0 1 -0 -0.999999 -0 -0 -0 0 1 3021.dat
1 14 72.6874 -18.1606 -1e-006 -0 1 -0 -0.999999 -0 -0 -0 0 1 3022.dat
1 4 80.6874 11.8395 -3e-006 0 1 -0 0 -0 -0.999999 -1 0 -0 85984.dat
1 4 72.6874 -8.16056 -4e-006 0 1 -0 0 -0 -0.999999 -1 0 -0 85984.dat
1 25 48.6874 -28.1605 -6e-006 0 1 -0 0 -0 -0.999999 -1 0 -0 3937.dat
1 125 50.6874 -23.1606 -3e-006 -0 0.866025 0.5 -0 -0.5 0.866025 1 0 -0 6134.dat
1 14 108.126 -0.316956 -0 0.5 0.866025 0 -0.866025 0.5 -0 -0 0 1 3021.dat
1 14 106.198 -12.9772 1e-006 0.5 0.866025 0 -0.866025 0.5 -0 -0 0 1 3022.dat
1 4 98.1265 17.0036 0 -0 0.866025 0.5 0 0.5 -0.866025 -1 0 -0 85984.dat
1 4 101.198 -4.31695 -0 -0 0.866025 0.5 0 0.5 -0.866025 -1 0 -0 85984.dat
1 25 90.4137 -33.6375 -3e-006 -0 0.866025 0.5 0 0.5 -0.866025 -1 0 -0 3937.dat
1 125 89.6457 -28.3073 -1e-006 0 1 0 -0 0 1 1 -0 -0 6134.dat
1 14 127.56 20.4195 -3e-006 0.866025 0.5 0 -0.5 0.866025 -0 -0 0 1 3021.dat
1 14 132.221 8.49126 -1e-006 0.866025 0.5 0 -0.5 0.866025 -0 -0 0 1 3022.dat
1 4 110.24 30.4195 -3e-006 -0 0.5 0.866025 0 0.866025 -0.5 -1 0 -0 85984.dat
1 4 123.56 13.4913 -4e-006 -0 0.5 0.866025 0 0.866025 -0.5 -1 0 -0 85984.dat
1 25 128.881 -17.2933 -6e-006 -0 0.5 0.866025 0 0.866025 -0.5 -1 0 -0 3937.dat
1 125 125.551 -13.0613 -3e-006 0 0.866025 -0.5 -0 0.5 0.866025 1 0 -0 6134.dat
1 46 -12.1699 8 -100.83 0 0 -1 0 1 0 1 0 0 3022.dat
1 4 -12.1699 8 -110.83 0.999999 0 0 0 1 0 -0 0 0.999999 85984.dat
1 25 -12.1699 -40 -90.8301 0.999999 0 0 0 1 0 -0 0 0.999999 3937.dat
1 125 -12.1699 -38 -95.8301 -0.999999 0 0 0 0.866025 0.5 0 0.5 -0.866025 6134.dat
1 4 6.33426 62.0539 -151 0 0.5 -0.866025 0 -0.866025 -0.5 -1 0 -0 85984.dat
1 25 -22.9862 72.8385 -151 0 0.5 -0.866025 0 -0.866025 -0.5 -1 0 -0 3937.dat
1 125 -17.6561 73.6064 -151 -0 0 1 -0 -1 0 1 0 -0 6134.dat
1 4 15.0839 54.3016 -151 0 0.866025 -0.5 0 -0.5 -0.866025 -1 0 -0 85984.dat
1 25 -15.7007 48.9811 -151 0 0.866025 -0.5 0 -0.5 -0.866025 -1 0 -0 3937.dat
1 125 -11.4686 52.3112 -151 -0 0.5 0.866025 -0 -0.866025 0.5 1 -0 -0 6134.dat
1 4 27.6874 51.8394 -151 0 1 -0 0 -0 -0.999999 -1 0 -0 85984.dat
1 25 3.68738 31.8395 -151 0 1 -0 0 -0 -0.999999 -1 0 -0 3937.dat
1 125 5.68741 36.8394 -151 -0 0.866025 0.5 -0 -0.5 0.866025 1 0 -0 6134.dat
1 4 39.4395 55.9303 -151 -0 0.866025 0.5 0 0.5 -0.866025 -1 0 -0 85984.dat
1 25 28.6549 26.6098 -151 -0 0.866025 0.5 0 0.5 -0.866025 -1 0 -0 3937.dat
1 125 27.887 31.9399 -151 0 1 -0 -0 0 1 1 0 -0 6134.dat
1 4 47.1918 64.68 -151 -0 0.5 0.866025 0 0.866025 -0.5 -1 0 -0 85984.dat
1 25 52.5123 33.8954 -151 -0 0.5 0.866025 0 0.866025 -0.5 -1 0 -0 3937.dat
1 125 49.1822 38.1274 -151 0 0.866025 -0.5 -0 0.5 0.866025 1 -0 -0 6134.dat
1 4 49.654 77.2834 -151 -0 0 0.999999 0 1 -0 -1 0 -0 85984.dat
1 25 69.6539 53.2834 -151 -0 0 0.999999 0 1 -0 -1 0 -0 3937.dat
1 125 64.654 55.2835 -151 0 0.5 -0.866025 -0 0.866025 0.5 1 0 -0 6134.dat
1 4 46.3335 90.0356 -151 -0 -0.5 0.866025 -0 0.866025 0.5 -1 0 -0 85984.dat
1 25 75.654 79.251 -151 -0 -0.5 0.866025 -0 0.866025 0.5 -1 0 -0 3937.dat
1 125 70.3239 78.483 -151 0 -0 -1 0 1 -0 1 0 -0 6134.dat
1 4 37.5838 97.7879 -151 -0 -0.866025 0.5 -0 0.5 0.866025 -1 0 -0 85984.dat
1 25 68.3684 103.108 -151 -0 -0.866025 0.5 -0 0.5 0.866025 -1 0 -0 3937.dat
1 125 64.1364 99.7783 -151 0 -0.5 -0.866025 0 0.866025 -0.5 1 -0 -0 6134.dat
1 4 24.9803 100.25 -151 0 -1 -0 -0 -0 0.999999 -1 0 -0 85984.dat
1 25 48.9803 120.25 -151 0 -1 -0 -0 -0 0.999999 -1 0 -0 3937.dat
1 125 46.9803 115.25 -151 -0 -0.866025 -0.5 0 0.5 -0.866025 1 0 -0 6134.dat
1 4 13.2282 96.1591 -151 0 -0.866025 -0.5 -0 -0.5 0.866025 -1 0 -0 85984.dat
1 25 24.0128 125.48 -151 0 -0.866025 -0.5 -0 -0.5 0.866025 -1 0 -0 3937.dat
1 125 24.7807 120.15 -151 -0 -1 0 0 -1e-006 -1 1 0 -0 6134.dat
1 4 5.47589 87.4095 -151 0 -0.5 -0.866025 -0 -0.866025 0.5 -1 0 -0 85984.dat
1 25 0.155396 118.194 -151 0 -0.5 -0.866025 -0 -0.866025 0.5 -1 0 -0 3937.dat
1 125 3.4855 113.962 -151 -0 -0.866025 0.5 0 -0.5 -0.866025 1 -0 -0 6134.dat
1 4 3.01376 74.806 -151 0 0 -0.999999 0 -1 -0 -1 0 -0 85984.dat
1 25 -16.9862 98.806 -151 0 0 -0.999999 0 -1 -0 -1 0 -0 3937.dat
1 125 -11.9862 96.806 -151 -0 -0.5 0.866025 -0 -0.866025 -0.5 1 0 -0 6134.dat
0
