0 untitled model
0 Name: 
0 Author: Tobias Buckdahn
1 14 134 48 -0 1 0 0 0 1 0 -0 0 1 3021.dat
1 14 144 40 0.000001 1 0 0 0 1 0 -0 0 1 3022.dat
1 4 114.000008 48 0 -0 0 1 0 1 0 -1 0 -0 85984.dat
1 4 134 40 -0 -0 0 1 0 1 0 -1 0 -0 85984.dat
1 25 154 16 -0.000003 -0 0 1 0 1 0 -1 0 -0 3937.dat
1 125 149 18 -0.000001 0 0.5 -0.866025 0 0.866025 0.5 1 -0 -0 6134.dat
1 14 125.75869 75.198547 -0.000003 0.866025 -0.5 0 0.5 0.866025 0 -0 0 1 3021.dat
1 14 138.418991 73.270325 -0.000001 0.866025 -0.5 0 0.5 0.866025 0 -0 0 1 3022.dat
1 4 108.438194 65.19854 -0.000003 -0 -0.5 0.866025 -0 0.866025 0.5 -1 0 -0 85984.dat
1 4 129.758728 68.27034 -0.000004 -0 -0.5 0.866025 -0 0.866025 0.5 -1 0 -0 85984.dat
1 25 159.079224 57.48571 -0.000006 -0 -0.5 0.866025 -0 0.866025 0.5 -1 0 -0 3937.dat
1 125 153.7491 56.717789 -0.000003 0 -0 -1 0 1 0 1 0 -0 6134.dat
1 14 105.246414 95.039703 -0 0.5 -0.866025 0 0.866025 0.5 0 -0 0 1 3021.dat
1 14 117.174606 99.699951 0.000001 0.5 -0.866025 0 0.866025 0.5 0 -0 0 1 3022.dat
1 4 95.246414 77.719193 0 -0 -0.866025 0.5 -0 0.5 0.866025 -1 0 -0 85984.dat
1 4 112.174606 91.039703 -0 -0 -0.866025 0.5 -0 0.5 0.866025 -1 0 -0 85984.dat
1 25 142.959229 96.360207 -0.000003 -0 -0.866025 0.5 -0 0.5 0.866025 -1 0 -0 3937.dat
1 125 138.727173 93.030083 -0.000001 0 -0.5 -0.866025 0 0.866025 -0.5 1 -0 -0 6134.dat
1 14 77.571121 101.501785 -0.000003 -0 -1 -0 0.999999 -0 0 -0 0 1 3021.dat
1 14 85.571159 111.501816 -0.000001 -0 -1 -0 0.999999 -0 0 -0 0 1 3022.dat
1 4 77.571136 81.501793 -0.000003 0 -1 -0 -0 -0 0.999999 -1 0 -0 85984.dat
1 4 85.571144 101.501816 -0.000004 0 -1 -0 -0 -0 0.999999 -1 0 -0 85984.dat
1 25 109.571152 121.501801 -0.000006 0 -1 -0 -0 -0 0.999999 -1 0 -0 3937.dat
1 125 107.571136 116.501816 -0.000003 -0 -0.866025 -0.5 0 0.5 -0.866025 1 0 -0 6134.dat
1 14 50.453751 93.745392 -0 -0.5 -0.866025 -0 0.866025 -0.5 0 -0 0 1 3021.dat
1 14 52.381958 106.405647 0.000001 -0.5 -0.866025 -0 0.866025 -0.5 0 -0 0 1 3022.dat
1 4 60.453751 76.424889 0 0 -0.866025 -0.5 -0 -0.5 0.866025 -1 0 -0 85984.dat
1 4 57.381958 97.745392 -0 0 -0.866025 -0.5 -0 -0.5 0.866025 -1 0 -0 85984.dat
1 25 68.166565 127.065903 -0.000003 0 -0.866025 -0.5 -0 -0.5 0.866025 -1 0 -0 3937.dat
1 125 68.934525 121.735779 -0.000001 -0 -1 -0 0 -0 -1 1 -0 -0 6134.dat
1 14 31.019775 73.008934 -0.000003 -0.866025 -0.5 -0 0.5 -0.866025 0 -0 0 1 3021.dat
1 14 26.35952 84.937187 -0.000001 -0.866025 -0.5 -0 0.5 -0.866025 0 -0 0 1 3022.dat
1 4 48.340286 63.008949 -0.000003 0 -0.5 -0.866025 -0 -0.866025 0.5 -1 0 -0 85984.dat
1 4 35.01976 79.937172 -0.000004 0 -0.5 -0.866025 -0 -0.866025 0.5 -1 0 -0 85984.dat
1 25 29.69928 110.721779 -0.000006 0 -0.5 -0.866025 -0 -0.866025 0.5 -1 0 -0 3937.dat
1 125 33.029381 106.489716 -0.000003 -0 -0.866025 0.5 0 -0.5 -0.866025 1 0 -0 6134.dat
1 14 24.092972 45.324203 -0 -1 0 -0 -0 -1 -0 -0 0 1 3021.dat
1 14 14.092987 53.324196 0.000001 -1 0 -0 -0 -1 -0 -0 0 1 3022.dat
1 4 44.092972 45.324203 0 0 0 -1 0 -1 -0 -1 0 -0 85984.dat
1 4 24.092979 53.324196 -0 0 0 -1 0 -1 -0 -1 0 -0 85984.dat
1 25 4.092972 77.324203 -0.000003 0 0 -1 0 -1 -0 -1 0 -0 3937.dat
1 125 9.092972 75.324203 -0.000001 -0 -0.5 0.866025 -0 -0.866025 -0.5 1 -0 -0 6134.dat
1 14 32.33429 18.125656 -0.000003 -0.866025 0.5 -0 -0.5 -0.866025 -0 -0 0 1 3021.dat
1 14 19.673996 20.053879 -0.000001 -0.866025 0.5 -0 -0.5 -0.866025 -0 -0 0 1 3022.dat
1 4 49.654785 28.125668 -0.000003 0 0.5 -0.866025 0 -0.866025 -0.5 -1 0 -0 85984.dat
1 4 28.334259 25.053864 -0.000004 0 0.5 -0.866025 0 -0.866025 -0.5 -1 0 -0 85984.dat
1 25 -0.986244 35.838486 -0.000006 0 0.5 -0.866025 0 -0.866025 -0.5 -1 0 -0 3937.dat
1 125 4.343872 36.606415 -0.000003 -0 0 1 -0 -1 0 1 0 -0 6134.dat
1 14 53.012131 -1.698441 -0 -0.5 0.866025 -0 -0.866025 -0.5 -0 -0 0 1 3021.dat
1 14 41.083923 -6.358688 0.000001 -0.5 0.866025 -0 -0.866025 -0.5 -0 -0 0 1 3022.dat
1 4 63.012131 15.622063 0 0 0.866025 -0.5 0 -0.5 -0.866025 -1 0 -0 85984.dat
1 4 46.083923 2.301559 -0 0 0.866025 -0.5 0 -0.5 -0.866025 -1 0 -0 85984.dat
1 25 15.299316 -3.018944 -0.000003 0 0.866025 -0.5 0 -0.5 -0.866025 -1 0 -0 3937.dat
1 125 19.531364 0.311188 -0.000001 -0 0.5 0.866025 -0 -0.866025 0.5 1 -0 -0 6134.dat
1 14 80.687416 -8.16053 -0.000003 -0 1 -0 -0.999999 -0 -0 -0 0 1 3021.dat
1 14 72.687378 -18.160561 -0.000001 -0 1 -0 -0.999999 -0 -0 -0 0 1 3022.dat
1 4 80.687408 11.839462 -0.000003 0 1 -0 0 -0 -0.999999 -1 0 -0 85984.dat
1 4 72.687393 -8.160561 -0.000004 0 1 -0 0 -0 -0.999999 -1 0 -0 85984.dat
1 25 48.687386 -28.160538 -0.000006 0 1 -0 0 -0 -0.999999 -1 0 -0 3937.dat
1 125 50.687408 -23.160557 -0.000003 -0 0.866025 0.5 -0 -0.5 0.866025 1 0 -0 6134.dat
1 14 108.126495 -0.316956 -0 0.5 0.866025 0 -0.866025 0.5 -0 -0 0 1 3021.dat
1 14 106.198303 -12.9772 0.000001 0.5 0.866025 0 -0.866025 0.5 -0 -0 0 1 3022.dat
1 4 98.126495 17.003555 0 -0 0.866025 0.5 0 0.5 -0.866025 -1 0 -0 85984.dat
1 4 101.198303 -4.316948 -0 -0 0.866025 0.5 0 0.5 -0.866025 -1 0 -0 85984.dat
1 25 90.413681 -33.637466 -0.000003 -0 0.866025 0.5 0 0.5 -0.866025 -1 0 -0 3937.dat
1 125 89.645737 -28.307335 -0.000001 0 1 0 -0 0 1 1 -0 -0 6134.dat
1 14 127.560486 20.41951 -0.000003 0.866025 0.5 0 -0.5 0.866025 -0 -0 0 1 3021.dat
1 14 132.220734 8.491257 -0.000001 0.866025 0.5 0 -0.5 0.866025 -0 -0 0 1 3022.dat
1 4 110.23996 30.419495 -0.000003 -0 0.5 0.866025 0 0.866025 -0.5 -1 0 -0 85984.dat
1 4 123.560486 13.491272 -0.000004 -0 0.5 0.866025 0 0.866025 -0.5 -1 0 -0 85984.dat
1 25 128.880981 -17.293343 -0.000006 -0 0.5 0.866025 0 0.866025 -0.5 -1 0 -0 3937.dat
1 125 125.550873 -13.061283 -0.000003 0 0.866025 -0.5 -0 0.5 0.866025 1 0 -0 6134.dat
1 14 -12.169878 8 -100.830132 0 0 -1 0 1 0 1 0 0 3022.dat
1 4 -12.169878 8 -110.830132 0.999999 0 0 0 1 0 -0 0 0.999999 85984.dat
1 25 -12.169878 -40 -90.830132 0.999999 0 0 0 1 0 -0 0 0.999999 3937.dat
1 125 -12.169874 -38 -95.830132 -0.999999 0 0 0 0.866025 0.5 0 0.5 -0.866025 6134.dat
1 4 6.334259 62.053864 -151 0 0.5 -0.866025 0 -0.866025 -0.5 -1 0 -0 85984.dat
1 25 -22.986237 72.838486 -151 0 0.5 -0.866025 0 -0.866025 -0.5 -1 0 -0 3937.dat
1 125 -17.656128 73.606415 -151 -0 0 1 -0 -1 0 1 0 -0 6134.dat
1 4 15.083923 54.301559 -151 0 0.866025 -0.5 0 -0.5 -0.866025 -1 0 -0 85984.dat
1 25 -15.700684 48.981056 -151 0 0.866025 -0.5 0 -0.5 -0.866025 -1 0 -0 3937.dat
1 125 -11.468628 52.311188 -151 -0 0.5 0.866025 -0 -0.866025 0.5 1 -0 -0 6134.dat
1 4 27.687378 51.839439 -151 0 1 -0 0 -0 -0.999999 -1 0 -0 85984.dat
1 25 3.687378 31.839462 -151 0 1 -0 0 -0 -0.999999 -1 0 -0 3937.dat
1 125 5.687408 36.839443 -151 -0 0.866025 0.5 -0 -0.5 0.866025 1 0 -0 6134.dat
1 4 39.439545 55.930321 -151 -0 0.866025 0.5 0 0.5 -0.866025 -1 0 -0 85984.dat
1 25 28.654907 26.609825 -151 -0 0.866025 0.5 0 0.5 -0.866025 -1 0 -0 3937.dat
1 125 27.886993 31.939934 -151 0 1 -0 -0 0 1 1 0 -0 6134.dat
1 4 47.191833 64.679985 -151 -0 0.5 0.866025 0 0.866025 -0.5 -1 0 -0 85984.dat
1 25 52.512329 33.895378 -151 -0 0.5 0.866025 0 0.866025 -0.5 -1 0 -0 3937.dat
1 125 49.18222 38.127434 -151 0 0.866025 -0.5 -0 0.5 0.866025 1 -0 -0 6134.dat
1 4 49.653961 77.28344 -151 -0 0 0.999999 0 1 -0 -1 0 -0 85984.dat
1 25 69.653931 53.28344 -151 -0 0 0.999999 0 1 -0 -1 0 -0 3937.dat
1 125 64.653961 55.28347 -151 0 0.5 -0.866025 -0 0.866025 0.5 1 0 -0 6134.dat
1 4 46.333466 90.035591 -151 -0 -0.5 0.866025 -0 0.866025 0.5 -1 0 -0 85984.dat
1 25 75.653961 79.250969 -151 -0 -0.5 0.866025 -0 0.866025 0.5 -1 0 -0 3937.dat
1 125 70.323853 78.48304 -151 0 -0 -1 0 1 -0 1 0 -0 6134.dat
1 4 37.583801 97.787888 -151 -0 -0.866025 0.5 -0 0.5 0.866025 -1 0 -0 85984.dat
1 25 68.368408 103.108398 -151 -0 -0.866025 0.5 -0 0.5 0.866025 -1 0 -0 3937.dat
1 125 64.136353 99.778267 -151 0 -0.5 -0.866025 0 0.866025 -0.5 1 -0 -0 6134.dat
1 4 24.980347 100.250015 -151 0 -1 -0 -0 -0 0.999999 -1 0 -0 85984.dat
1 25 48.980347 120.25 -151 0 -1 -0 -0 -0 0.999999 -1 0 -0 3937.dat
1 125 46.980316 115.250008 -151 -0 -0.866025 -0.5 0 0.5 -0.866025 1 0 -0 6134.dat
1 4 13.22818 96.159126 -151 0 -0.866025 -0.5 -0 -0.5 0.866025 -1 0 -0 85984.dat
1 25 24.012817 125.47963 -151 0 -0.866025 -0.5 -0 -0.5 0.866025 -1 0 -0 3937.dat
1 125 24.780731 120.149521 -151 -0 -1 0 0 -0.000001 -1 1 0 -0 6134.dat
1 4 5.475891 87.409462 -151 0 -0.5 -0.866025 -0 -0.866025 0.5 -1 0 -0 85984.dat
1 25 0.155396 118.194069 -151 0 -0.5 -0.866025 -0 -0.866025 0.5 -1 0 -0 3937.dat
1 125 3.485504 113.962013 -151 -0 -0.866025 0.5 0 -0.5 -0.866025 1 -0 -0 6134.dat
1 4 3.013763 74.806007 -151 0 0 -0.999999 0 -1 -0 -1 0 -0 85984.dat
1 25 -16.986206 98.806007 -151 0 0 -0.999999 0 -1 -0 -1 0 -0 3937.dat
1 125 -11.986237 96.805977 -151 -0 -0.5 0.866025 -0 -0.866025 -0.5 1 0 -0 6134.dat