0 Untitled
0 Name: model.ldr
0 Author: BrickCamp (by Tobias Buckdahn)
1 0 -10 0 10 1 0 0 0 1 0 0 0 1 2419.dat
1 0 -8.205 -15.727 10 0.991445 -0.130526 0 0.130526 0.991445 0 0 0 1 2419.dat
1 0 -10 0 70 -1 0 0 0 1 0 0 0 -1 2419.dat
1 0 -8.205 -15.727 70 -0.991445 -0.130526 0 -0.130526 0.991445 0 0 0 -1 2419.dat
1 15 -39.595 -9.947 40 0 -0.065403 0.997859 0 0.997859 0.065403 -1 0 0 2419.dat
1 15 -35.533 -29.34 40 0 -0.19509 0.980786 0 0.980786 0.19509 -1 0 0 2419.dat
1 0 -4.616 -31.186 10 0.965926 -0.258819 0 0.258819 0.965926 0 0 0 1 2419.dat
1 0 1.188 -45.913 10 0.92388 -0.382683 0 0.382683 0.92388 0 0 0 1 2419.dat
1 0 -4.616 -31.186 70 -0.965926 -0.258819 0 -0.258819 0.965926 0 0 0 -1 2419.dat
1 0 1.188 -45.913 70 -0.92388 -0.382683 0 -0.382683 0.92388 0 0 0 -1 2419.dat
1 15 -30.628 -48.454 40 0 -0.321439 0.94693 0 0.94693 0.321439 -1 0 0 2419.dat
1 15 -21.685 -66.135 40 0 -0.442288 0.896873 0 0.896873 0.442288 -1 0 0 2419.dat
1 0 8.376 -59.828 10 0.866025 -0.5 0 0.5 0.866025 0 0 0 1 2419.dat
1 0 17.794 -72.55 10 0.793353 -0.608761 0 0.608761 0.793353 0 0 0 1 2419.dat
1 0 8.376 -59.828 70 -0.866025 -0.5 0 -0.5 0.866025 0 0 0 -1 2419.dat
1 0 17.794 -72.55 70 -0.793353 -0.608761 0 -0.608761 0.793353 0 0 0 -1 2419.dat
1 15 -12.281 -83.24 40 0 -0.55557 0.831469 0 0.831469 0.55557 -1 0 0 2419.dat
1 15 0.934 -98.004 40 0 -0.659346 0.75184 0 0.75184 0.659346 -1 0 0 2419.dat
1 0 28.632 -84.144 10 0.707107 -0.707107 0 0.707107 0.707107 0 0 0 1 2419.dat
1 0 41.022 -93.996 10 0.608761 -0.793353 0 0.793353 0.608761 0 0 0 1 2419.dat
1 0 28.632 -84.144 70 -0.707107 -0.707107 0 -0.707107 0.707107 0 0 0 -1 2419.dat
1 0 41.022 -93.996 70 -0.608761 -0.793353 0 -0.793353 0.608761 0 0 0 -1 2419.dat
1 15 14.739 -112.104 40 0 -0.75184 0.659346 0 0.659346 0.75184 -1 0 0 2419.dat
1 15 31.324 -122.945 40 0 -0.831469 0.55557 0 0.55557 0.831469 -1 0 0 2419.dat
1 0 54.665 -101.997 10 0.5 -0.866025 0 0.866025 0.5 0 0 0 1 2419.dat
1 0 69.182 -108.306 10 0.382684 -0.923879 0 0.923879 0.382684 0 0 0 1 2419.dat
1 0 54.665 -101.997 70 -0.5 -0.866025 0 -0.866025 0.5 0 0 0 -1 2419.dat
1 0 69.182 -108.306 70 -0.382684 -0.923879 0 -0.923879 0.382684 0 0 0 -1 2419.dat
1 15 48.482 -132.601 40 0 -0.896872 0.442289 0 0.442289 0.896872 -1 0 0 2419.dat
1 15 67.308 -138.779 40 0 -0.94693 0.32144 0 0.32144 0.94693 -1 0 0 2419.dat
1 0 84.365 -112.927 10 0.258819 -0.965926 0 0.965926 0.258819 0 0 0 1 2419.dat
1 0 100.021 -115.264 10 0.130527 -0.991445 0 0.991445 0.130527 0 0 0 1 2419.dat
1 0 84.365 -112.927 70 -0.258819 -0.965926 0 -0.965926 0.258819 0 0 0 -1 2419.dat
1 0 100.021 -115.264 70 -0.130527 -0.991445 0 -0.991445 0.130527 0 0 0 -1 2419.dat
1 15 86.313 -144.088 40 0 -0.980785 0.195091 0 0.195091 0.980785 -1 0 0 2419.dat
1 15 106.097 -145.184 40 0 -0.997859 0.0654038 0 0.0654038 0.997859 -1 0 0 2419.dat
1 0 115.666 -115.997 10 0 -0.999999 0 0.999999 0 0 0 0 1 2419.dat
1 0 131.392 -114.202 10 -0.130526 -0.991444 0 0.991444 -0.130526 0 0 0 1 2419.dat
1 0 115.666 -115.997 70 0 -0.999999 0 -0.999999 0 0 0 0 -1 2419.dat
1 0 131.392 -114.202 70 0.130526 -0.991444 0 -0.991444 -0.130526 0 0 0 -1 2419.dat
1 15 125.612 -145.592 40 0 -0.997858 -0.065403 0 -0.065403 0.997858 -1 0 0 2419.dat
1 15 145.006 -141.53 40 0 -0.980785 -0.19509 0 -0.19509 0.980785 -1 0 0 2419.dat
1 0 146.852 -110.613 10 -0.258819 -0.965925 0 0.965925 -0.258819 0 0 0 1 2419.dat
1 0 161.579 -104.809 10 -0.382683 -0.923879 0 0.923879 -0.382683 0 0 0 1 2419.dat
1 0 146.852 -110.613 70 0.258819 -0.965925 0 -0.965925 -0.258819 0 0 0 -1 2419.dat
1 0 161.579 -104.809 70 0.382683 -0.923879 0 -0.923879 -0.382683 0 0 0 -1 2419.dat
1 15 164.119 -136.624 40 0 -0.94693 -0.321439 0 -0.321439 0.94693 -1 0 0 2419.dat
1 15 181.8 -127.682 40 0 -0.896873 -0.442288 0 -0.442288 0.896873 -1 0 0 2419.dat
1 0 167.37 111.781 10 -0.5 0.866025 0 -0.866025 -0.5 0 0 0 1 2419.dat
1 0 152.853 118.09 10 -0.382684 0.923879 0 -0.923879 -0.382684 0 0 0 1 2419.dat
1 0 167.37 111.781 70 0.5 0.866025 0 0.866025 -0.5 0 0 0 -1 2419.dat
1 0 152.853 118.09 70 0.382684 0.923879 0 0.923879 -0.382684 0 0 0 -1 2419.dat
1 15 173.553 142.385 40 0 0.896872 -0.442289 0 -0.442289 -0.896872 -1 0 0 2419.dat
1 15 154.727 148.563 40 0 0.94693 -0.32144 0 -0.32144 -0.94693 -1 0 0 2419.dat
1 0 137.67 122.711 10 -0.258819 0.965926 0 -0.965926 -0.258819 0 0 0 1 2419.dat
1 0 122.014 125.048 10 -0.130527 0.991445 0 -0.991445 -0.130527 0 0 0 1 2419.dat
1 0 137.67 122.711 70 0.258819 0.965926 0 0.965926 -0.258819 0 0 0 -1 2419.dat
1 0 122.014 125.048 70 0.130527 0.991445 0 0.991445 -0.130527 0 0 0 -1 2419.dat
1 15 135.722 153.872 40 0 0.980785 -0.195091 0 -0.195091 -0.980785 -1 0 0 2419.dat
1 15 115.938 154.968 40 0 0.997859 -0.0654038 0 -0.0654038 -0.997859 -1 0 0 2419.dat
1 0 106.369 125.781 10 0 0.999999 0 -0.999999 0 0 0 0 1 2419.dat
1 0 90.643 123.986 10 0.130526 0.991444 0 -0.991444 0.130526 0 0 0 1 2419.dat
1 0 106.369 125.781 70 0 0.999999 0 0.999999 0 0 0 0 -1 2419.dat
1 0 90.643 123.986 70 -0.130526 0.991444 0 0.991444 0.130526 0 0 0 -1 2419.dat
1 15 96.423 155.376 40 0 0.997858 0.065403 0 0.065403 -0.997858 -1 0 0 2419.dat
1 15 77.029 151.314 40 0 0.980785 0.19509 0 0.19509 -0.980785 -1 0 0 2419.dat
1 0 75.183 120.397 10 0.258819 0.965925 0 -0.965925 0.258819 0 0 0 1 2419.dat
1 0 60.456 114.593 10 0.382683 0.923879 0 -0.923879 0.382683 0 0 0 1 2419.dat
1 0 75.183 120.397 70 -0.258819 0.965925 0 0.965925 0.258819 0 0 0 -1 2419.dat
1 0 60.456 114.593 70 -0.382683 0.923879 0 0.923879 0.382683 0 0 0 -1 2419.dat
1 15 57.916 146.408 40 0 0.94693 0.321439 0 0.321439 -0.94693 -1 0 0 2419.dat
1 15 40.235 137.466 40 0 0.896873 0.442288 0 0.442288 -0.896873 -1 0 0 2419.dat
1 0 46.706 106.778 10 0.499999 0.866025 0 -0.866025 0.499999 0 0 0 1 2419.dat
1 0 33.983 97.36 10 0.608761 0.793353 0 -0.793353 0.608761 0 0 0 1 2419.dat
1 0 46.706 106.778 70 -0.499999 0.866025 0 0.866025 0.499999 0 0 0 -1 2419.dat
1 0 33.983 97.36 70 -0.608761 0.793353 0 0.793353 0.608761 0 0 0 -1 2419.dat
1 15 23.293 127.435 40 0 0.831469 0.555569 0 0.555569 -0.831469 -1 0 0 2419.dat
1 15 8.53 114.22 40 0 0.75184 0.659345 0 0.659345 -0.75184 -1 0 0 2419.dat
1 0 22.39 86.522 10 0.707106 0.707107 0 -0.707107 0.707106 0 0 0 1 2419.dat
1 0 12.538 74.132 10 0.793353 0.608762 0 -0.608762 0.793353 0 0 0 1 2419.dat
1 0 22.39 86.522 70 -0.707106 0.707107 0 0.707107 0.707106 0 0 0 -1 2419.dat
1 0 12.538 74.132 70 -0.793353 0.608762 0 0.608762 0.793353 0 0 0 -1 2419.dat
1 15 -5.57 100.416 40 0 0.659346 0.751839 0 0.751839 -0.659346 -1 0 0 2419.dat
1 15 -16.411 83.83 40 0 0.555571 0.831469 0 0.831469 -0.555571 -1 0 0 2419.dat
1 0 4.081 60.95 10 0.866024 0.5 0 -0.5 0.866024 0 0 0 1 2419.dat
1 0 -2.228 46.433 10 0.923879 0.382683 0 -0.382683 0.923879 0 0 0 1 2419.dat
1 0 4.081 60.95 70 -0.866024 0.5 0 0.5 0.866024 0 0 0 -1 2419.dat
1 0 -2.228 46.433 70 -0.923879 0.382683 0 0.382683 0.923879 0 0 0 -1 2419.dat
1 15 -26.522 67.134 40 0 0.442289 0.896872 0 0.896872 -0.442289 -1 0 0 2419.dat
1 15 -32.702 48.307 40 0 0.32144 0.946929 0 0.946929 -0.32144 -1 0 0 2419.dat
1 0 -6.85 31.25 10 0.965925 0.258819 0 -0.258819 0.965925 0 0 0 1 2419.dat
1 0 -9.187 15.594 10 0.991444 0.130527 0 -0.130527 0.991444 0 0 0 1 2419.dat
1 0 -6.85 31.25 70 -0.965925 0.258819 0 0.258819 0.965925 0 0 0 -1 2419.dat
1 0 -9.187 15.594 70 -0.991444 0.130527 0 0.130527 0.991444 0 0 0 -1 2419.dat
1 15 -38.009 29.302 40 0 0.195091 0.980784 0 0.980784 -0.195091 -1 0 0 2419.dat
1 15 -39.106 9.518 40 0 0.0654037 0.997858 0 0.997858 -0.0654037 -1 0 0 2419.dat
1 0 175.895 -97.453 10 -0.5 -0.866025 0 0.866025 -0.5 0 0 0 1 2419.dat
1 0 188.617 -88.035 10 -0.608761 -0.793353 0 0.793353 -0.608761 0 0 0 1 2419.dat
1 0 175.895 -97.453 70 0.5 -0.866025 0 -0.866025 -0.5 0 0 0 -1 2419.dat
1 0 188.617 -88.035 70 0.608761 -0.793353 0 -0.793353 -0.608761 0 0 0 -1 2419.dat
1 15 199.307 -118.11 40 0 -0.831469 -0.55557 0 -0.55557 0.831469 -1 0 0 2419.dat
1 15 214.071 -104.895 40 0 -0.75184 -0.659346 0 -0.659346 0.75184 -1 0 0 2419.dat
1 0 200.211 -77.197 10 -0.707107 -0.707107 0 0.707107 -0.707107 0 0 0 1 2419.dat
1 0 210.063 -64.807 10 -0.793353 -0.608761 0 0.608761 -0.793353 0 0 0 1 2419.dat
1 0 200.211 -77.197 70 0.707107 -0.707107 0 -0.707107 -0.707107 0 0 0 -1 2419.dat
1 0 210.063 -64.807 70 0.793353 -0.608761 0 -0.608761 -0.793353 0 0 0 -1 2419.dat
1 15 228.171 -91.09 40 0 -0.659346 -0.75184 0 -0.75184 0.659346 -1 0 0 2419.dat
1 15 239.012 -74.505 40 0 -0.55557 -0.831469 0 -0.831469 0.55557 -1 0 0 2419.dat
1 0 218.52 -51.625 10 -0.866025 -0.499999 0 0.499999 -0.866025 0 0 0 1 2419.dat
1 0 224.828 -37.108 10 -0.923879 -0.382683 0 0.382683 -0.923879 0 0 0 1 2419.dat
1 0 218.52 -51.625 70 0.866025 -0.499999 0 -0.499999 -0.866025 0 0 0 -1 2419.dat
1 0 224.828 -37.108 70 0.923879 -0.382683 0 -0.382683 -0.923879 0 0 0 -1 2419.dat
1 15 249.123 -57.808 40 0 -0.442288 -0.896872 0 -0.896872 0.442288 -1 0 0 2419.dat
1 15 255.302 -38.982 40 0 -0.321439 -0.94693 0 -0.94693 0.321439 -1 0 0 2419.dat
1 0 229.45 -21.925 10 -0.965925 -0.258819 0 0.258819 -0.965925 0 0 0 1 2419.dat
1 0 231.787 -6.269 10 -0.991444 -0.130526 0 0.130526 -0.991444 0 0 0 1 2419.dat
1 0 229.45 -21.925 70 0.965925 -0.258819 0 -0.258819 -0.965925 0 0 0 -1 2419.dat
1 0 231.787 -6.269 70 0.991444 -0.130526 0 -0.130526 -0.991444 0 0 0 -1 2419.dat
1 15 260.61 -19.976 40 0 -0.19509 -0.980785 0 -0.980785 0.19509 -1 0 0 2419.dat
1 15 261.706 -0.193 40 0 -0.0654031 -0.997859 0 -0.997859 0.0654031 -1 0 0 2419.dat
1 0 231.894 9.547 10 -0.999999 0 0 0 -0.999999 0 0 0 1 2419.dat
1 0 230.1 25.274 10 -0.991444 0.130526 0 -0.130526 -0.991444 0 0 0 1 2419.dat
1 0 231.894 9.547 70 0.999999 0 0 0 -0.999999 0 0 0 -1 2419.dat
1 0 230.1 25.274 70 0.991444 0.130526 0 0.130526 -0.991444 0 0 0 -1 2419.dat
1 15 261.49 19.494 40 0 0.065403 -0.997858 0 -0.997858 -0.065403 -1 0 0 2419.dat
1 15 257.427 38.887 40 0 0.19509 -0.980785 0 -0.980785 -0.19509 -1 0 0 2419.dat
1 0 226.51 40.733 10 -0.965925 0.258819 0 -0.258819 -0.965925 0 0 0 1 2419.dat
1 0 220.706 55.46 10 -0.923879 0.382683 0 -0.382683 -0.923879 0 0 0 1 2419.dat
1 0 226.51 40.733 70 0.965925 0.258819 0 0.258819 -0.965925 0 0 0 -1 2419.dat
1 0 220.706 55.46 70 0.923879 0.382683 0 0.382683 -0.923879 0 0 0 -1 2419.dat
1 15 252.522 58 40 0 0.321439 -0.94693 0 -0.94693 -0.321439 -1 0 0 2419.dat
1 15 243.579 75.682 40 0 0.442288 -0.896873 0 -0.896873 -0.442288 -1 0 0 2419.dat
1 0 213.518 69.375 10 -0.866024 0.5 0 -0.5 -0.866024 0 0 0 1 2419.dat
1 0 204.101 82.097 10 -0.793353 0.608761 0 -0.608761 -0.793353 0 0 0 1 2419.dat
1 0 213.518 69.375 70 0.866024 0.5 0 0.5 -0.866024 0 0 0 -1 2419.dat
1 0 204.101 82.097 70 0.793353 0.608761 0 0.608761 -0.793353 0 0 0 -1 2419.dat
1 15 234.175 92.786 40 0 0.55557 -0.831469 0 -0.831469 -0.55557 -1 0 0 2419.dat
1 15 220.961 107.551 40 0 0.659345 -0.751839 0 -0.751839 -0.659345 -1 0 0 2419.dat
1 0 193.263 93.691 10 -0.707106 0.707106 0 -0.707106 -0.707106 0 0 0 1 2419.dat
1 0 180.873 103.543 10 -0.608761 0.793353 0 -0.793353 -0.608761 0 0 0 1 2419.dat
1 0 193.263 93.691 70 0.707106 0.707106 0 0.707106 -0.707106 0 0 0 -1 2419.dat
1 0 180.873 103.543 70 0.608761 0.793353 0 0.793353 -0.608761 0 0 0 -1 2419.dat
1 15 207.155 121.65 40 0 0.751839 -0.659345 0 -0.659345 -0.751839 -1 0 0 2419.dat
1 15 190.571 132.492 40 0 0.831469 -0.55557 0 -0.55557 -0.831469 -1 0 0 2419.dat