0 untitled model
0 Name: 
0 Author: BrickCamp (by Tobias Buckdahn)
1 25 0.6 0.2 0 1 0 0 0 1 0 -0 0 1 44302.dat
1 14 0.05613 -9.395144 0 0.996195 0.087156 0 -0.087156 0.996195 0 0 0 1 44302.dat
1 25 -0.64143 19.614054 0 0.984808 -0.173648 0 0.173648 0.984808 0 0 0 1 44302.dat
1 14 0.489143 10.070239 0 0.996195 -0.087156 0 0.087156 0.996195 0 0 0 1 44302.dat
1 25 -7.262132 -37.537136 0 0.939693 0.34202 0 -0.34202 0.939693 0 0 0 1 44302.dat
1 14 -11.054932 -46.367607 0 0.906308 0.422619 0 -0.422619 0.906308 0 0 0 1 44302.dat
1 25 -1.788697 -18.869289 0 0.984808 0.173648 0 -0.173648 0.984808 0 0 0 1 44302.dat
1 14 -3.990482 -28.22422 0 0.965926 0.258819 0 -0.258819 0.965926 0 0 0 1 44302.dat
1 25 -27.317831 -70.539497 0 0.766044 0.642788 0 -0.642788 0.766044 0 0 0 1 44302.dat
1 14 -33.902103 -77.540215 0 0.707107 0.707107 0 -0.707107 0.707107 0 0 0 1 44302.dat
1 25 -15.789709 -54.869495 0 0.866025 0.5 0 -0.5 0.866025 0 0 0 1 44302.dat
1 14 -21.058283 -62.907196 0 0.819152 0.573577 0 -0.573577 0.819152 0 0 0 1 44302.dat
1 25 -57.597542 -94.394142 0 0.5 0.866025 0 -0.866025 0.5 0 0 0 1 44302.dat
1 14 -66.179115 -98.720711 0 0.422618 0.906308 0 -0.906308 0.422618 0 0 0 1 44302.dat
1 25 -41.405186 -83.611992 0 0.642788 0.766044 0 -0.766044 0.642788 0 0 0 1 44302.dat
1 14 -49.105083 -89.363007 0 0.573576 0.819152 0 -0.819152 0.573576 0 0 0 1 44302.dat
1 25 -94.003242 -106.597923 0 0.173648 0.984808 0 -0.984808 0.173648 0 0 0 1 44302.dat
1 14 -103.547058 -107.7285 0 0.087156 0.996195 0 -0.996195 0.087156 0 0 0 1 44302.dat
1 25 -75.099709 -102.004143 0 0.34202 0.939693 0 -0.939693 0.34202 0 0 0 1 44302.dat
1 14 -84.302208 -104.774803 0 0.258819 0.965926 0 -0.965926 0.258819 0 0 0 1 44302.dat
1 25 -132.532272 -105.408226 0 -0.173648 0.984808 0 -0.984808 -0.173648 0 0 0 1 44302.dat
1 14 -141.887207 -103.206444 0 -0.258819 0.965926 0 -0.965926 -0.258819 0 0 0 1 44302.dat
1 25 -113.197624 -107.55687 0 0 1 0 -1 0 0 0 0 1 44302.dat
1 14 -122.792763 -107.013 0 -0.087156 0.996195 0 -0.996195 -0.087156 0 0 0 1 44302.dat
1 25 -168.386063 -91.321518 0 -0.5 0.866025 0 -0.866025 -0.5 0 0 0 1 44302.dat
1 14 -176.423767 -86.052933 0 -0.573577 0.819152 0 -0.819152 -0.573577 0 0 0 1 44302.dat
1 25 -150.952301 -99.95343 0 -0.34202 0.939693 0 -0.939693 -0.34202 0 0 0 1 44302.dat
1 14 -159.782761 -96.160629 0 -0.422619 0.906308 0 -0.906308 -0.422619 0 0 0 1 44302.dat
1 25 -197.136322 -65.644142 0 -0.766044 0.642788 0 -0.642788 -0.766044 0 0 0 1 44302.dat
1 14 -202.887329 -57.944244 0 -0.819152 0.573576 0 -0.573576 -0.819152 0 0 0 1 44302.dat
1 25 -183.706207 -79.718201 0 -0.642788 0.766044 0 -0.766044 -0.642788 0 0 0 1 44302.dat
1 14 -190.706924 -73.133934 0 -0.707107 0.707107 0 -0.707107 -0.707107 0 0 0 1 44302.dat
1 25 -215.689362 -31.774212 0 -0.939693 0.34202 0 -0.34202 -0.939693 0 0 0 1 44302.dat
1 14 -218.460022 -22.571705 0 -0.965926 0.258819 0 -0.258819 -0.965926 0 0 0 1 44302.dat
1 25 -207.882797 -49.592865 0 -0.866025 0.5 0 -0.5 -0.866025 0 0 0 1 44302.dat
1 14 -212.209351 -41.011292 0 -0.906308 0.422618 0 -0.422618 -0.906308 0 0 0 1 44302.dat
1 25 -221.208221 6.376109 0 -1 -0 0 0 -1 0 0 0 1 44302.dat
1 14 -220.664352 15.971256 0 -0.996195 -0.087156 0 0.087156 -0.996195 0 0 0 1 44302.dat
1 25 -219.966782 -13.037956 0 -0.984808 0.173648 0 -0.173648 -0.984808 0 0 0 1 44302.dat
1 14 -221.097366 -3.494142 0 -0.996195 0.087155 0 -0.087155 -0.996195 0 0 0 1 44302.dat
1 25 -213.574158 44.00626 0 -0.939693 -0.34202 0 0.34202 -0.939693 0 0 0 1 44302.dat
1 14 -209.781357 52.836731 0 -0.906308 -0.422619 0 0.422619 -0.906308 0 0 0 1 44302.dat
1 25 -219.047592 25.338432 0 -0.984808 -0.173648 0 0.173648 -0.984808 0 0 0 1 44302.dat
1 14 -216.845795 34.693359 0 -0.965926 -0.258819 0 0.258819 -0.965926 0 0 0 1 44302.dat
1 25 -193.279327 76.778534 0 -0.766044 -0.642788 0 0.642788 -0.766044 0 0 0 1 44302.dat
1 14 -186.695068 83.779251 0 -0.707107 -0.707107 0 0.707107 -0.707107 0 0 0 1 44302.dat
1 25 -204.807434 61.108551 0 -0.866025 -0.5 0 0.5 -0.866025 0 0 0 1 44302.dat
1 14 -199.538864 69.146255 0 -0.819152 -0.573577 0 0.573577 -0.819152 0 0 0 1 44302.dat
1 25 -162.531967 100.380981 0 -0.5 -0.866026 0 0.866026 -0.5 0 0 0 1 44302.dat
1 14 -153.950378 104.70755 0 -0.422618 -0.906308 0 0.906308 -0.422618 0 0 0 1 44302.dat
1 25 -178.724304 89.598846 0 -0.642788 -0.766045 0 0.766045 -0.642788 0 0 0 1 44302.dat
1 14 -171.024414 95.349861 0 -0.573576 -0.819153 0 0.819153 -0.573576 0 0 0 1 44302.dat
1 25 -125.919571 112.44075 0 -0.173648 -0.984808 0 0.984808 -0.173648 0 0 0 1 44302.dat
1 14 -116.375763 113.571312 0 -0.087155 -0.996195 0 0.996195 -0.087155 0 0 0 1 44302.dat
1 25 -144.82312 107.846954 0 -0.34202 -0.939693 0 0.939693 -0.34202 0 0 0 1 44302.dat
1 14 -135.620621 110.617622 0 -0.258819 -0.965926 0 0.965926 -0.258819 0 0 0 1 44302.dat
1 25 -87.310844 111.573181 0 0.173648 -0.984808 0 0.984808 0.173648 0 0 0 1 44302.dat
1 14 -77.95591 109.371384 0 0.258819 -0.965926 0 0.965926 0.258819 0 0 0 1 44302.dat
1 25 -106.645523 113.721825 0 0 -1 0 1 0 0 0 0 1 44302.dat
1 14 -97.050385 113.177948 0 0.087156 -0.996195 0 0.996195 0.087156 0 0 0 1 44302.dat
1 25 -51.51226 97.277496 0 0.5 -0.866025 0 0.866025 0.5 0 0 0 1 44302.dat
1 14 -43.474556 92.008911 0 0.573577 -0.819152 0 0.819152 0.573577 0 0 0 1 44302.dat
1 25 -68.94606 105.909409 0 0.34202 -0.939693 0 0.939693 0.34202 0 0 0 1 44302.dat
1 14 -60.115574 102.116615 0 0.422619 -0.906308 0 0.906308 0.422619 0 0 0 1 44302.dat
1 25 -22.740623 71.85112 0 0.766044 -0.642788 0 0.642788 0.766044 0 0 0 1 44302.dat
1 14 -16.989613 64.151222 0 0.819152 -0.573576 0 0.573576 0.819152 0 0 0 1 44302.dat
1 25 -36.170723 85.925171 0 0.642788 -0.766044 0 0.766044 0.642788 0 0 0 1 44302.dat
1 14 -29.17001 79.340897 0 0.707107 -0.707107 0 0.707107 0.707107 0 0 0 1 44302.dat
1 25 -4.506416 37.889145 0 0.939693 -0.34202 0 0.34202 0.939693 0 0 0 1 44302.dat
1 14 -1.735748 28.686646 0 0.965926 -0.258819 0 0.258819 0.965926 0 0 0 1 44302.dat
1 25 -12.312965 55.707771 0 0.866025 -0.5 0 0.5 0.866025 0 0 0 1 44302.dat
1 14 -7.986397 47.126205 0 0.906308 -0.422618 0 0.422618 0.906308 0 0 0 1 44302.dat
1 25 -109.400002 10.2 -270 0.683012 0.29995 -0.665976 -0.707107 0.5 -0.5 0.183013 0.812422 0.553603 44302.dat