0 untitled model
0 Name: 
0 Author: BrickCamp (by Tobias Buckdahn)
1 14 40 24 15 1 0 0 0 1 0 -0 0 1 3894.dat
1 25 0 0 15 1 0 0 0 1 0 -0 0 1 32000.dat
1 25 80 0 15 1 0 0 0 1 0 -0 0 1 32000.dat
1 0 80 34 5 -0 0 -1 -0 1 0 1 0 -0 4459.dat
1 0 90 10 5 -0 0 -1 -0 1 0 1 0 -0 4459.dat
0 STEP
1 14 115.156845 54.703365 -5.436308 0.707107 -0.707107 0 0.707107 0.707107 -0 0 0 1 3894.dat
1 25 103.843147 9.448532 -5.436311 0.707107 -0.707107 0 0.707107 0.707107 -0 0 0 1 32000.dat
1 25 160.411682 66.017075 -5.436309 0.707107 -0.707107 0 0.707107 0.707107 -0 0 0 1 32000.dat
1 0 136.370056 90.058701 4.563692 -0 -0.707107 -0.707107 -0 0.707107 -0.707107 1 0 -0 4459.dat
1 0 160.411697 80.15921 4.563692 -0 -0.707107 -0.707107 -0 0.707107 -0.707107 1 0 -0 4459.dat
1 14 -65.856117 131.135391 15 0 1 0 -1 0 0 0 0 1 3894.dat
1 25 -89.856094 171.135376 15 0 1 0 -1 0 0 0 0 1 32000.dat
1 25 -89.85611 91.135376 15 0 1 0 -1 0 0 0 0 1 32000.dat
1 0 -55.856117 91.135391 5 0 1 0 0 0 1 1 0 -0 4459.dat
1 0 -79.85611 81.135376 5 0 1 0 0 0 1 1 0 -0 4459.dat
1 14 -35.152756 55.978531 -5.436308 0.707107 0.707107 -0 -0.707107 0.707107 -0 0 0 1 3894.dat
1 25 -80.407578 67.292221 -5.436311 0.707107 0.707107 -0 -0.707107 0.707107 -0 0 0 1 32000.dat
1 25 -23.83905 10.723709 -5.436309 0.707107 0.707107 -0 -0.707107 0.707107 -0 0 0 1 32000.dat
1 0 0.202576 34.765327 4.563692 -0 0.707107 -0.707107 0 0.707107 0.707107 1 0 -0 4459.dat
1 0 -9.696915 10.723694 4.563692 -0 0.707107 -0.707107 0 0.707107 0.707107 1 0 -0 4459.dat
1 14 40.874695 237.284119 15 -1 0 0 -0 -1 0 0 0 1 3894.dat
1 25 80.874695 261.284119 15 -1 0 0 -0 -1 0 0 0 1 32000.dat
1 25 0.874695 261.284088 15 -1 0 0 -0 -1 0 0 0 1 32000.dat
1 0 0.874691 227.284088 5 0 0 1 -0 -1 0 1 0 -0 4459.dat
1 0 -9.125305 251.284088 5 0 0 1 -0 -1 0 1 0 -0 4459.dat
1 14 -34.282143 206.580719 -5.436308 -0.707106 0.707106 -0 -0.707106 -0.707106 0 0 0 1 3894.dat
1 25 -22.968513 251.835602 -5.436311 -0.707106 0.707106 -0 -0.707106 -0.707106 0 0 0 1 32000.dat
1 25 -79.53698 195.267029 -5.436309 -0.707106 0.707106 -0 -0.707106 -0.707106 0 0 0 1 32000.dat
1 0 -55.495354 171.225403 4.563692 0 0.707106 0.707106 0 -0.707106 0.707106 1 0 -0 4459.dat
1 0 -79.537003 181.124878 4.563692 0 0.707106 0.707106 0 -0.707106 0.707106 1 0 -0 4459.dat
1 14 146.730789 130.148697 15 -0 -1 0 1 -0 0 0 0 1 3894.dat
1 25 170.730789 90.148758 15 -0 -1 0 1 -0 0 0 0 1 32000.dat
1 25 170.730774 170.148712 15 -0 -1 0 1 -0 0 0 0 1 32000.dat
1 0 136.730804 170.148712 5 -0 -1 0 -0 -0 -1 1 0 -0 4459.dat
1 0 160.730804 180.148712 5 -0 -1 0 -0 -0 -1 1 0 -0 4459.dat
1 14 116.027435 205.305557 -5.436308 -0.707106 -0.707106 0 0.707106 -0.707106 0 0 0 1 3894.dat
1 25 161.282272 193.991867 -5.436311 -0.707106 -0.707106 0 0.707106 -0.707106 0 0 0 1 32000.dat
1 25 104.71373 250.560364 -5.436309 -0.707106 -0.707106 0 0.707106 -0.707106 0 0 0 1 32000.dat
1 0 80.672104 226.518768 4.563692 0 -0.707106 0.707106 -0 -0.707106 -0.707106 1 0 -0 4459.dat
1 0 90.571594 250.560394 4.563692 0 -0.707106 0.707106 -0 -0.707106 -0.707106 1 0 -0 4459.dat
1 14 37.985279 128.414215 1.863964 0.5 -0.5 -0.707107 0.707107 0.707107 0 0.5 -0.5 0.707107 3894.dat
1 25 29.985279 83.159378 -6.136038 0.5 -0.5 -0.707107 0.707107 0.707107 0 0.5 -0.5 0.707107 32000.dat
1 25 69.985275 139.727921 33.86396 0.5 -0.5 -0.707107 0.707107 0.707107 0 0.5 -0.5 0.707107 32000.dat
1 0 60.056347 163.769562 9.792894 -0.707107 -0.5 -0.5 -0 0.707107 -0.707107 0.707107 -0.5 -0.5 4459.dat
1 0 77.056351 153.870056 26.792894 -0.707107 -0.5 -0.5 -0 0.707107 -0.707107 0.707107 -0.5 -0.5 4459.dat
0 STEP