0 untitled model
0 Name: 
0 Author: BrickCamp (by Tobias Buckdahn)
1 4 -40.508034 -17 -39.491966 -0 0 1 0 1 0 -1 0 -0 2339.dat
1 14 39.491966 0 -39.491966 -0 0.139173 0.990268 0 0.990268 -0.139173 -1 -0 -0 3024.dat
1 25 18.491966 6 -39.491966 -0 0.390731 0.920505 0 0.920505 -0.390731 -1 -0 -0 3024.dat
1 14 -0.508034 17 -39.491966 -0 0.615661 0.788011 0 0.788011 -0.615661 -1 -0 -0 3024.dat
1 25 -15.508034 33 -39.491966 -0 0.798635 0.601815 0 0.601815 -0.798635 -1 -0 -0 3024.dat