0 untitled model
0 Name: 
0 Author: BrickCamp (by Tobias Buckdahn)
1 14 -115 -80 -10 0.601815 0 0.798635 0 1 0 -0.798635 0 0.601815 3009.dat
1 4 45 -56 -30 0.999999 0 -0 0 1 0 0 0 0.999999 3794b.dat
1 4 25 -56 10 0.999999 0 -0 0 1 0 0 0 0.999999 3794b.dat
1 4 15 -56 30 0.999999 0 -0 0 1 0 0 0 0.999999 3024.dat
1 4 35 -56 -10 0.999999 0 -0 0 1 0 0 0 0.999999 3024.dat
1 4 55 -56 -50 0.999999 0 -0 0 1 0 0 0 0.999999 3024.dat
1 14 15 -80 30 0.999999 0 -0 0 1 0 0 0 0.999999 3005.dat
1 14 25 -80 10 0.999999 0 -0 0 1 0 0 0 0.999999 3005.dat
1 14 35 -80 -10 0.999999 0 -0 0 1 0 0 0 0.999999 3005.dat
1 14 55 -80 -50 0.999999 0 -0 0 1 0 0 0 0.999999 3005.dat
1 14 45 -80 -30 0.999999 0 -0 0 1 0 0 0 0.999999 3005.dat
1 4 -85 -56 -50 0.999999 0 -0 0 1 0 0 0 0.999999 3024.dat
1 4 -145 -56 30 0.999999 0 -0 0 1 0 0 0 0.999999 3024.dat
1 71 -35 -48 0 1 0 0 0 1 0 -0 0 1 3865.dat
1 71 -35 -48 -160 1 0 0 0 1 0 -0 0 1 3865.dat
1 4 -135 -72 -200 -0.799684 0 0.60042 0 1 0 -0.60042 0 -0.799684 3831.dat
1 4 -135 -72 -200 -0.999999 0 0 0 1 0 0 0 -0.999999 3830.dat
1 4 -55 -56 -140 0 0 0.999999 0 1 0 -0.999999 0 0 3831.dat
1 4 -55 -56 -140 -0.799684 -0 0.60042 -0 1 -0 -0.60042 -0 -0.799684 3830.dat
1 14 -89 -80 -178 0.60042 0 0.799684 0 1 0 -0.799684 0 0.60042 3005.dat
1 71 -35 -48 -320 1 0 0 0 1 0 -0 0 1 3865.dat
1 4 -135 -72 -320 -0.799684 0 0.60042 0 1 0 -0.60042 0 -0.799684 3831.dat
1 4 -135 -72 -320 -0.999999 0 0 0 1 0 0 0 -0.999999 3830.dat
1 4 -35 -56 -320 -0.999999 0 0 0 1 0 -0 0 -0.999999 3831.dat
1 4 -35 -56 -320 -0.60042 -0 -0.799684 -0 1 -0 0.799684 0 -0.60042 3830.dat
1 14 -81 -56 -292 0.799684 0 -0.60042 -0 1 0 0.60042 0 0.799684 3004.dat