0 untitled model
0 Name: 
0 Author: BrickCamp (by Tobias Buckdahn)
1 14 -163.006485 57.549881 -3.143044 0 -1 0 1 0 0 0 0 1 32016.dat
1 25 -140.006485 57.549881 52.356956 -0 -0.923879 0.382683 1 -0 0 0 0.382683 0.923879 32016.dat
1 14 -97.553596 57.549881 94.80423 -0 -0.707107 0.707107 1 -0 0 0 0.707107 0.707107 32016.dat
1 25 -42.192169 57.549881 117.638756 -0 -0.382683 0.923879 1 -0 0 0 0.923879 0.382683 32016.dat
1 14 18.031708 57.549881 117.973007 0 -0 0.999999 1 0 0 0 0.999999 0 32016.dat
1 25 73.531693 57.549881 94.973007 -0 0.382683 0.923879 1 -0 0 0 0.923879 -0.382683 32016.dat
1 14 115.978943 57.549881 52.5201 -0 0.707107 0.707107 1 -0 0 0 0.707107 -0.707107 32016.dat
1 25 138.813477 57.549881 -2.841282 -0 0.923879 0.382683 1 -0 0 0 0.382683 -0.923879 32016.dat
1 14 138.834015 57.549881 -62.654465 0 1 0 1 0 0 0 0 -1 32016.dat
1 25 115.834045 57.549881 -118.154465 0 0.923879 -0.382683 1 0 0 0 -0.382683 -0.923879 32016.dat
1 14 73.381149 57.549881 -160.60173 0 0.707107 -0.707107 1 0 0 0 -0.707107 -0.707107 32016.dat
1 25 18.019726 57.549881 -183.436249 0 0.382683 -0.923879 1 0 0 0 -0.923879 -0.382683 32016.dat
1 14 -42.204147 57.549881 -183.770508 0 0 -0.999999 1 0 0 0 -0.999999 0 32016.dat
1 25 -97.704124 57.549881 -160.770493 0 -0.382683 -0.923879 1 0 0 0 -0.923879 0.382683 32016.dat
1 14 -140.151382 57.549881 -118.317596 0 -0.707107 -0.707107 1 0 0 0 -0.707107 0.707107 32016.dat
1 25 -162.985901 57.549881 -62.956223 0 -0.923879 -0.382683 1 0 0 0 -0.382683 0.923879 32016.dat
1 4 -15.165985 57.549881 -42.654465 0 0.258819 -0.965926 0.707107 -0.683012 -0.183013 -0.707107 -0.683012 -0.183013 32016.dat