0 untitled model
0 Name: 
0 Author: BrickCamp (by Tobias Buckdahn)
1 14 -6.627804 1 -15.688041 -0.707106 0 0.707106 0 1 0 -0.707106 0 -0.707106 30540.dat
1 25 -17.827803 11 -66.888023 0 -1 -0 -0 0 -1 1 0 -0 30364.dat
1 14 -76.985001 1 -15.671304 0.707106 0 0.707106 0 1 0 -0.707106 0 0.707106 30540.dat
1 25 -65.785004 11 -66.871292 0 0.999999 -0 -0 0 1 0.999999 -0 0 30364.dat
1 4 -41.627792 25 -8.68804 -0.707106 0 -0.707106 0 1 0 0.707106 0 -0.707106 30565.dat