0 untitled model
0 Name: 
0 Author: BrickCamp (by Tobias Buckdahn)
1 14 58.082935 10.329824 31.284073 0 -0 -1 1 0 0 0 -1 0 32068.dat
1 0 29.082912 0.329819 21.284077 0 0 -1 0 1 0 1 0 0 32069.dat
1 14 35.416199 -48.813316 31.034325 0.951056 -0 -0.309017 0.309017 -0 0.951056 -0 -1 -0 32068.dat
1 0 16.992373 -23.423731 21.034325 0 0.951056 -0.309017 0 0.309017 0.951056 1 -0 0 32069.dat
1 14 -27.776711 -44.379108 31.034332 0.587785 -0 0.809017 -0.809017 -0 0.587785 -0 -1 -0 32068.dat
1 0 -9.79594 -18.718868 21.034328 0 0.587785 0.809017 0 -0.809017 0.587785 1 -0 -0 32069.dat
1 14 -42.852272 17.673695 30.784575 -0.587785 -0 0.809017 -0.809017 -0 -0.587785 0 -1 0 32068.dat
1 0 -14.201994 7.897582 20.78458 0 -0.587785 0.809016 -0 -0.809017 -0.587785 1 0 -0 32069.dat
1 14 9.177187 51.413971 30.784573 -0.951056 -0 -0.309017 0.309017 0 -0.951056 0 -1 0 32068.dat
1 0 9.251642 19.43322 20.784573 0 -0.951056 -0.309017 0 0.309017 -0.951056 1 0 0 32069.dat