0 untitled model
0 Name: 
0 Author: BrickCamp (by Tobias Buckdahn)
1 14 0 0 30 1 0 0 0 1 0 -0 0 1 3004.dat
1 25 41 0 28 0.994522 0 0.104528 0 1 0 -0.104528 0 0.994522 3004.dat
1 4 81.499992 0 21.699999 0.978148 0 0.207912 0 1 0 -0.207912 0 0.978148 3004.dat
1 25 121.199997 0 11.200001 0.951057 0 0.309017 0 1 0 -0.309017 0 0.951057 3004.dat
1 14 159.403809 0 -3.479519 0.913545 0 0.406737 0 1 0 -0.406737 0 0.913545 3004.dat
1 25 196.0457 0 -21.982809 0.866025 0 0.5 0 1 0 -0.5 0 0.866025 3004.dat
1 4 230.481842 0 -44.210987 0.809017 0 0.587785 0 1 0 -0.587785 0 0.809017 3004.dat
1 25 262.478851 0 -69.950661 0.743145 0 0.669131 0 1 0 -0.669131 0 0.743145 3004.dat
1 14 291.824066 0 -99.210999 0.669131 0 0.743145 0 1 0 -0.743145 0 0.669131 3004.dat
1 25 317.772125 0 -131.018204 0.587785 0 0.809017 0 1 0 -0.809017 0 0.587785 3004.dat
1 4 340.190094 0 -165.331085 0.5 0 0.866025 0 1 0 -0.866025 0 0.5 3004.dat
1 25 358.951538 0 -201.859818 0.406737 0 0.913545 0 1 0 -0.913545 0 0.406737 3004.dat
1 14 373.605896 0 -240.073303 0.309017 0 0.951056 0 1 0 -0.951056 0 0.309017 3004.dat
1 25 384.373474 0 -279.684631 0.207912 0 0.978148 0 1 0 -0.978148 0 0.207912 3004.dat
1 4 390.896973 0 -320.149231 0.104528 0 0.994522 0 1 0 -0.994522 0 0.104528 3004.dat
1 25 393.178864 0 -361.150879 -0 0 1 0 1 0 -1 0 -0 3004.dat
1 14 391.074829 0 -401.981628 -0.104529 0 0.994522 0 1 0 -0.994522 0 -0.104529 3004.dat
1 25 384.800171 0 -442.547974 -0.207912 0 0.978148 0 1 0 -0.978148 0 -0.207912 3004.dat
1 4 374.30127 0 -482.167572 -0.309017 0 0.951057 0 1 0 -0.951057 0 -0.309017 3004.dat
1 25 359.708984 0 -520.552551 -0.406737 0 0.913545 0 1 0 -0.913545 0 -0.406737 3004.dat
1 14 341.116516 0 -557.012634 -0.5 0 0.866025 0 1 0 -0.866025 0 -0.5 3004.dat
1 25 318.88446 0 -591.519714 -0.587785 0 0.809017 0 1 0 -0.809017 0 -0.587785 3004.dat
1 4 293.178467 0 -623.443726 -0.669131 0 0.743145 0 1 0 -0.743145 0 -0.669131 3004.dat
1 25 264.235229 0 -652.574951 -0.743145 0 0.669131 0 1 0 -0.669131 0 -0.743145 3004.dat
1 14 232.067749 0 -678.700806 -0.809017 0 0.587785 0 1 0 -0.587785 0 -0.809017 3004.dat
1 25 197.722473 0 -701.182007 -0.866026 0 0.5 0 1 0 -0.5 0 -0.866026 3004.dat
1 4 161.254257 0 -719.890503 -0.913546 0 0.406737 0 1 0 -0.406737 0 -0.913546 3004.dat
1 25 122.964523 0 -734.730835 -0.951057 0 0.309017 0 1 0 -0.309017 0 -0.951057 3004.dat
1 14 83.428574 0 -745.310547 -0.978148 0 0.207912 0 1 0 -0.207912 0 -0.978148 3004.dat
1 25 42.908722 0 -751.878601 -0.994522 0 0.104528 0 1 0 -0.104528 0 -0.994522 3004.dat
1 14 1.28299 0 -753.957275 -1 0 0 0 1 0 -0 0 -1 3004.dat
1 25 -39.716949 0 -751.957397 -0.994522 0 -0.104529 0 1 0 0.104529 0 -0.994522 3004.dat
1 4 -80.21698 0 -745.657471 -0.978147 0 -0.207912 0 1 0 0.207912 0 -0.978147 3004.dat
1 25 -119.916962 0 -735.157471 -0.951056 0 -0.309017 0 1 0 0.309017 0 -0.951056 3004.dat
1 14 -158.12088 0 -720.477783 -0.913545 0 -0.406736 0 1 0 0.406736 0 -0.913545 3004.dat
1 25 -194.762756 0 -701.974609 -0.866025 0 -0.5 0 1 0 0.5 0 -0.866025 3004.dat
1 4 -229.198822 0 -679.74646 -0.809017 0 -0.587785 0 1 0 0.587785 0 -0.809017 3004.dat
1 25 -261.195801 0 -654.006714 -0.743145 0 -0.66913 0 1 0 0.66913 0 -0.743145 3004.dat
1 14 -290.540985 0 -624.746338 -0.669131 0 -0.743145 0 1 0 0.743145 0 -0.669131 3004.dat
1 25 -316.489075 0 -592.939209 -0.587785 0 -0.809017 0 1 0 0.809017 0 -0.587785 3004.dat
1 4 -338.907043 0 -558.626343 -0.5 0 -0.866025 0 1 0 0.866025 0 -0.5 3004.dat
1 25 -357.668579 0 -522.097595 -0.406736 0 -0.913545 0 1 0 0.913545 0 -0.406736 3004.dat
1 14 -372.322723 0 -483.883972 -0.309017 0 -0.951056 0 1 0 0.951056 0 -0.309017 3004.dat
1 25 -383.090454 0 -444.272583 -0.207912 0 -0.978147 0 1 0 0.978147 0 -0.207912 3004.dat
1 4 -389.613922 0 -403.808075 -0.104529 0 -0.994522 0 1 0 0.994522 0 -0.104529 3004.dat
1 25 -391.895844 0 -362.806427 -0 0 -1 0 1 0 1 0 -0 3004.dat
1 14 -389.791809 0 -321.975677 0.104529 0 -0.994522 0 1 0 0.994522 0 0.104529 3004.dat
1 25 -383.51709 0 -281.409332 0.207912 0 -0.978147 0 1 0 0.978147 0 0.207912 3004.dat
1 4 -373.01828 0 -241.789703 0.309017 0 -0.951056 0 1 0 0.951056 0 0.309017 3004.dat
1 25 -358.425964 0 -203.404724 0.406736 0 -0.913545 0 1 0 0.913545 0 0.406736 3004.dat
1 14 -339.833435 0 -166.944733 0.5 0 -0.866025 0 1 0 0.866025 0 0.5 3004.dat
1 25 -317.601501 0 -132.437637 0.587785 0 -0.809017 0 1 0 0.809017 0 0.587785 3004.dat
1 4 -291.895477 0 -100.513657 0.669131 0 -0.743145 0 1 0 0.743145 0 0.669131 3004.dat
1 25 -262.95224 0 -71.382492 0.743145 0 -0.669131 0 1 0 0.669131 0 0.743145 3004.dat
1 14 -230.78479 0 -45.256577 0.809017 0 -0.587785 0 1 0 0.587785 0 0.809017 3004.dat
1 25 -196.439484 0 -22.775333 0.866025 0 -0.5 0 1 0 0.5 0 0.866025 3004.dat
1 4 -159.971252 0 -4.06681 0.913545 0 -0.406736 0 1 0 0.406736 0 0.913545 3004.dat
1 25 -121.681572 0 10.773464 0.951056 0 -0.309017 0 1 0 0.309017 0 0.951056 3004.dat
1 14 -82.145493 0 21.353268 0.978147 0 -0.207912 0 1 0 0.207912 0 0.978147 3004.dat
1 25 -41.625748 0 27.921291 0.994522 0 -0.104528 0 1 0 0.104528 0 0.994522 3004.dat
1 14 20.515461 -24 29.496399 0.99863 0 0.052336 0 1 0 -0.052336 0 0.99863 3004.dat
1 25 61.354595 -24 25.353394 0.987688 0 0.156434 0 1 0 -0.156434 0 0.987688 3004.dat
1 4 101.469376 -24 16.942383 0.965926 0 0.258819 0 1 0 -0.258819 0 0.965926 3004.dat
1 25 140.56543 -24 4.379059 0.93358 0 0.358368 0 1 0 -0.358368 0 0.93358 3004.dat
1 14 177.948639 -24 -12.279785 0.891007 0 0.453991 0 1 0 -0.453991 0 0.891007 3004.dat
1 25 213.57193 -24 -32.675446 0.838671 0 0.544639 0 1 0 -0.544639 0 0.838671 3004.dat
1 4 246.797531 -24 -56.675385 0.777146 0 0.62932 0 1 0 -0.62932 0 0.777146 3004.dat
1 25 277.403564 -24 -84.054352 0.707107 0 0.707107 0 1 0 -0.707107 0 0.707107 3004.dat
1 14 305.177216 -24 -114.81041 0.62932 0 0.777146 0 1 0 -0.777146 0 0.62932 3004.dat
1 25 329.425079 -24 -147.932053 0.544639 0 0.838671 0 1 0 -0.838671 0 0.544639 3004.dat
1 4 350.016479 -24 -183.371185 0.45399 0 0.891007 0 1 0 -0.891007 0 0.45399 3004.dat
1 25 366.840515 -24 -220.831741 0.358368 0 0.933581 0 1 0 -0.933581 0 0.358368 3004.dat
1 14 379.474792 -24 -259.759766 0.258819 0 0.965926 0 1 0 -0.965926 0 0.258819 3004.dat
1 25 388.15451 -24 -299.880402 0.156434 0 0.987688 0 1 0 -0.987688 0 0.156434 3004.dat
1 4 392.551361 -24 -340.630951 0.052336 0 0.99863 0 1 0 -0.99863 0 0.052336 3004.dat
1 25 392.684296 -24 -381.695831 -0.052336 0 0.99863 0 1 0 -0.99863 0 -0.052336 3004.dat
1 14 388.446167 -24 -422.360535 -0.156435 0 0.987688 0 1 0 -0.987688 0 -0.156435 3004.dat
1 25 380.057068 -24 -462.542877 -0.258819 0 0.965926 0 1 0 -0.965926 0 -0.258819 3004.dat
1 4 367.498993 -24 -501.558685 -0.358368 0 0.93358 0 1 0 -0.93358 0 -0.358368 3004.dat
1 25 350.917816 -24 -539.12738 -0.453991 0 0.891007 0 1 0 -0.891007 0 -0.453991 3004.dat
1 14 330.442657 -24 -574.564453 -0.544639 0 0.838671 0 1 0 -0.838671 0 -0.544639 3004.dat
1 25 306.43512 -24 -607.860657 -0.629321 0 0.777146 0 1 0 -0.777146 0 -0.629321 3004.dat
1 4 279.093536 -24 -638.39563 -0.707107 0 0.707107 0 1 0 -0.707107 0 -0.707107 3004.dat
1 25 248.665359 -24 -665.972107 -0.777146 0 0.62932 0 1 0 -0.62932 0 -0.777146 3004.dat
1 14 215.174637 -24 -690.378662 -0.838671 0 0.544639 0 1 0 -0.544639 0 -0.838671 3004.dat
1 25 179.69986 -24 -711.031555 -0.891007 0 0.45399 0 1 0 -0.45399 0 -0.891007 3004.dat
1 4 142.302505 -24 -727.805847 -0.933581 0 0.358368 0 1 0 -0.358368 0 -0.933581 3004.dat
1 25 103.288551 -24 -740.621948 -0.965926 0 0.258819 0 1 0 -0.258819 0 -0.965926 3004.dat
1 14 63.253082 -24 -749.117981 -0.987688 0 0.156434 0 1 0 -0.156434 0 -0.987688 3004.dat
1 25 22.445011 -24 -753.556396 -0.99863 0 0.052336 0 1 0 -0.052336 0 -0.99863 3004.dat
1 14 -19.232464 -24 -753.453735 -0.998629 0 -0.052336 0 1 0 0.052336 0 -0.998629 3004.dat
1 25 -60.071541 -24 -749.310852 -0.987688 0 -0.156435 0 1 0 0.156435 0 -0.987688 3004.dat
1 4 -100.186371 -24 -740.89978 -0.965926 0 -0.258819 0 1 0 0.258819 0 -0.965926 3004.dat
1 25 -139.282425 -24 -728.336548 -0.93358 0 -0.358368 0 1 0 0.358368 0 -0.93358 3004.dat
1 14 -176.665695 -24 -711.67749 -0.891006 0 -0.45399 0 1 0 0.45399 0 -0.891006 3004.dat
1 25 -212.288986 -24 -691.282043 -0.83867 0 -0.544639 0 1 0 0.544639 0 -0.83867 3004.dat
1 4 -245.514511 -24 -667.282104 -0.777146 0 -0.62932 0 1 0 0.62932 0 -0.777146 3004.dat
1 25 -276.120514 -24 -639.903015 -0.707106 0 -0.707107 0 1 0 0.707107 0 -0.707106 3004.dat
1 14 -303.894135 -24 -609.146912 -0.62932 0 -0.777146 0 1 0 0.777146 0 -0.62932 3004.dat
1 25 -328.142029 -24 -576.025391 -0.544639 0 -0.83867 0 1 0 0.83867 0 -0.544639 3004.dat
1 4 -348.733429 -24 -540.586243 -0.45399 0 -0.891006 0 1 0 0.891006 0 -0.45399 3004.dat
1 25 -365.557556 -24 -503.125671 -0.358368 0 -0.93358 0 1 0 0.93358 0 -0.358368 3004.dat
1 14 -378.19162 -24 -464.19751 -0.258819 0 -0.965926 0 1 0 0.965926 0 -0.258819 3004.dat
1 25 -386.87149 -24 -424.076813 -0.156434 0 -0.987688 0 1 0 0.987688 0 -0.156434 3004.dat
1 4 -391.268311 -24 -383.326355 -0.052336 0 -0.998629 0 1 0 0.998629 0 -0.052336 3004.dat
1 25 -391.401276 -24 -342.261475 0.052336 0 -0.998629 0 1 0 0.998629 0 0.052336 3004.dat
1 14 -387.163177 -24 -301.596802 0.156435 0 -0.987688 0 1 0 0.987688 0 0.156435 3004.dat
1 25 -378.773987 -24 -261.414429 0.258819 0 -0.965926 0 1 0 0.965926 0 0.258819 3004.dat
1 4 -366.215973 -24 -222.398575 0.358368 0 -0.93358 0 1 0 0.93358 0 0.358368 3004.dat
1 25 -349.634796 -24 -184.829895 0.45399 0 -0.891006 0 1 0 0.891006 0 0.45399 3004.dat
1 14 -329.159576 -24 -149.392944 0.544639 0 -0.83867 0 1 0 0.83867 0 0.544639 3004.dat
1 25 -305.152161 -24 -116.096664 0.62932 0 -0.777146 0 1 0 0.777146 0 0.62932 3004.dat
1 4 -277.810547 -24 -85.561798 0.707107 0 -0.707107 0 1 0 0.707107 0 0.707107 3004.dat
1 25 -247.38237 -24 -57.985321 0.777146 0 -0.62932 0 1 0 0.62932 0 0.777146 3004.dat
1 14 -213.891678 -24 -33.578705 0.83867 0 -0.544639 0 1 0 0.544639 0 0.83867 3004.dat
1 25 -178.41687 -24 -12.925781 0.891006 0 -0.45399 0 1 0 0.45399 0 0.891006 3004.dat
1 4 -141.019485 -24 3.848511 0.93358 0 -0.358368 0 1 0 0.358368 0 0.93358 3004.dat
1 25 -102.005592 -24 16.664551 0.965926 0 -0.258819 0 1 0 0.258819 0 0.965926 3004.dat
1 14 -61.970001 -24 25.160645 0.987688 0 -0.156434 0 1 0 0.156434 0 0.987688 3004.dat
1 25 -21.162033 -24 29.59906 0.99863 0 -0.052336 0 1 0 0.052336 0 0.99863 3004.dat
1 14 40.97644 -48 27.919769 0.994522 0 0.104528 0 1 0 -0.104528 0 0.994522 3004.dat
1 25 81.542786 -48 21.645081 0.978148 0 0.207912 0 1 0 -0.207912 0 0.978148 3004.dat
1 4 121.162384 -48 11.146149 0.951057 0 0.309017 0 1 0 -0.309017 0 0.951057 3004.dat
1 25 159.547363 -48 -3.446106 0.913545 0 0.406737 0 1 0 -0.406737 0 0.913545 3004.dat
1 14 196.007446 -48 -22.038605 0.866025 0 0.5 0 1 0 -0.5 0 0.866025 3004.dat
1 25 230.514511 -48 -44.27063 0.809017 0 0.587785 0 1 0 -0.587785 0 0.809017 3004.dat
1 4 262.438538 -48 -69.976593 0.743145 0 0.669131 0 1 0 -0.669131 0 0.743145 3004.dat
1 25 291.569733 -48 -98.919861 0.669131 0 0.743145 0 1 0 -0.743145 0 0.669131 3004.dat
1 14 317.695648 -48 -131.087311 0.587785 0 0.809017 0 1 0 -0.809017 0 0.587785 3004.dat
1 25 340.176788 -48 -165.432617 0.5 0 0.866026 0 1 0 -0.866026 0 0.5 3004.dat
1 4 358.885284 -48 -201.900833 0.406737 0 0.913545 0 1 0 -0.913545 0 0.406737 3004.dat
1 25 373.725647 -48 -240.190567 0.309017 0 0.951057 0 1 0 -0.951057 0 0.309017 3004.dat
1 14 384.305359 -48 -279.726501 0.207912 0 0.978148 0 1 0 -0.978148 0 0.207912 3004.dat
1 25 390.873444 -48 -320.246368 0.104528 0 0.994522 0 1 0 -0.994522 0 0.104528 3004.dat
1 4 393.1315 -48 -361.171173 -0 0 1 0 1 0 -1 0 -0 3004.dat
1 25 391.115021 -48 -402.186737 -0.104529 0 0.994522 0 1 0 -0.994522 0 -0.104529 3004.dat
1 14 384.754547 -48 -442.573883 -0.207912 0 0.978148 0 1 0 -0.978148 0 -0.207912 3004.dat
1 25 374.273926 -48 -482.262115 -0.309017 0 0.951057 0 1 0 -0.951057 0 -0.309017 3004.dat
1 4 359.691162 -48 -520.567261 -0.406737 0 0.913545 0 1 0 -0.913545 0 -0.406737 3004.dat
1 25 341.166473 -48 -557.216675 -0.5 0 0.866025 0 1 0 -0.866025 0 -0.5 3004.dat
1 14 318.864777 -48 -591.533569 -0.587785 0 0.809017 0 1 0 -0.809017 0 -0.587785 3004.dat
1 25 293.147552 -48 -623.52771 -0.669131 0 0.743145 0 1 0 -0.743145 0 -0.669131 3004.dat
1 4 264.245392 -48 -652.589844 -0.743145 0 0.669131 0 1 0 -0.669131 0 -0.743145 3004.dat
1 25 232.415649 -48 -678.536072 -0.809017 0 0.587785 0 1 0 -0.587785 0 -0.809017 3004.dat
1 14 197.693497 -48 -701.156433 -0.866026 0 0.5 0 1 0 -0.5 0 -0.866026 3004.dat
1 25 161.186447 -48 -719.924438 -0.913546 0 0.406737 0 1 0 -0.406737 0 -0.913546 3004.dat
1 4 122.962433 -48 -734.718445 -0.951057 0 0.309017 0 1 0 -0.309017 0 -0.951057 3004.dat
1 25 83.331215 -48 -745.475098 -0.978148 0 0.207912 0 1 0 -0.207912 0 -0.978148 3004.dat
1 14 42.905968 -48 -751.864258 -0.994522 0 0.104528 0 1 0 -0.104528 0 -0.994522 3004.dat
1 25 1.921535 -48 -754.160828 -1 0 -0 0 1 0 0 0 -1 3004.dat
1 14 -39.693447 -48 -751.877075 -0.994522 0 -0.104528 0 1 0 0.104528 0 -0.994522 3004.dat
1 25 -80.259735 -48 -745.602478 -0.978147 0 -0.207912 0 1 0 0.207912 0 -0.978147 3004.dat
1 4 -119.879387 -48 -735.103638 -0.951056 0 -0.309017 0 1 0 0.309017 0 -0.951056 3004.dat
1 25 -158.264343 -48 -720.511353 -0.913545 0 -0.406736 0 1 0 0.406736 0 -0.913545 3004.dat
1 14 -194.724518 -48 -701.918701 -0.866025 0 -0.5 0 1 0 0.5 0 -0.866025 3004.dat
1 25 -229.231567 -48 -679.686768 -0.809017 0 -0.587785 0 1 0 0.587785 0 -0.809017 3004.dat
1 4 -261.155518 -48 -653.980835 -0.743145 0 -0.669131 0 1 0 0.669131 0 -0.743145 3004.dat
1 25 -290.286682 -48 -625.037476 -0.66913 0 -0.743145 0 1 0 0.743145 0 -0.66913 3004.dat
1 14 -316.412567 -48 -592.869995 -0.587785 0 -0.809017 0 1 0 0.809017 0 -0.587785 3004.dat
1 25 -338.893738 -48 -558.52478 -0.5 0 -0.866025 0 1 0 0.866025 0 -0.5 3004.dat
1 4 -357.602234 -48 -522.05658 -0.406736 0 -0.913545 0 1 0 0.913545 0 -0.406736 3004.dat
1 25 -372.442719 -48 -483.766846 -0.309017 0 -0.951056 0 1 0 0.951056 0 -0.309017 3004.dat
1 14 -383.022186 -48 -444.230774 -0.207912 0 -0.978147 0 1 0 0.978147 0 -0.207912 3004.dat
1 25 -389.590393 -48 -403.710846 -0.104528 0 -0.994522 0 1 0 0.994522 0 -0.104528 3004.dat
1 4 -391.84845 -48 -362.786133 -0 0 -1 0 1 0 1 0 -0 3004.dat
1 25 -389.832001 -48 -321.770569 0.104528 0 -0.994521 0 1 0 0.994521 0 0.104528 3004.dat
1 14 -383.471527 -48 -281.383423 0.207912 0 -0.978147 0 1 0 0.978147 0 0.207912 3004.dat
1 25 -372.990845 -48 -241.69519 0.309017 0 -0.951056 0 1 0 0.951056 0 0.309017 3004.dat
1 4 -358.408173 -48 -203.390015 0.406736 0 -0.913545 0 1 0 0.913545 0 0.406736 3004.dat
1 25 -339.883453 -48 -166.740631 0.5 0 -0.866025 0 1 0 0.866025 0 0.5 3004.dat
1 14 -317.581696 -48 -132.423813 0.587785 0 -0.809017 0 1 0 0.809017 0 0.587785 3004.dat
1 25 -291.864594 -48 -100.429626 0.669131 0 -0.743145 0 1 0 0.743145 0 0.669131 3004.dat
1 4 -262.962402 -48 -71.367554 0.743145 0 -0.66913 0 1 0 0.66913 0 0.743145 3004.dat
1 25 -231.13266 -48 -45.421356 0.809017 0 -0.587785 0 1 0 0.587785 0 0.809017 3004.dat
1 14 -196.410538 -48 -22.800934 0.866025 0 -0.5 0 1 0 0.5 0 0.866025 3004.dat
1 25 -159.903458 -48 -4.032928 0.913545 0 -0.406736 0 1 0 0.406736 0 0.913545 3004.dat
1 4 -121.679428 -48 10.761139 0.951056 0 -0.309017 0 1 0 0.309017 0 0.951056 3004.dat
1 25 -82.048264 -48 21.517761 0.978147 0 -0.207911 0 1 0 0.207911 0 0.978147 3004.dat
1 14 -41.622879 -48 27.906952 0.994522 0 -0.104528 0 1 0 0.104528 0 0.994522 3004.dat
1 25 -0.638557 -48 30.203522 1 0 0 0 1 0 -0 0 1 3004.dat
1 14 61.326878 -72 25.274475 0.987688 0 0.156434 0 1 0 -0.156434 0 0.987688 3004.dat
1 25 101.509232 -72 16.885315 0.965926 0 0.258819 0 1 0 -0.258819 0 0.965926 3004.dat
1 4 140.52507 -72 4.32724 0.933581 0 0.358368 0 1 0 -0.358368 0 0.933581 3004.dat
1 25 178.093735 -72 -12.253906 0.891007 0 0.453991 0 1 0 -0.453991 0 0.891007 3004.dat
1 14 213.530823 -72 -32.729095 0.838671 0 0.544639 0 1 0 -0.544639 0 0.838671 3004.dat
1 25 246.827026 -72 -56.736694 0.777146 0 0.62932 0 1 0 -0.62932 0 0.777146 3004.dat
1 4 277.361938 -72 -84.078186 0.707107 0 0.707107 0 1 0 -0.707107 0 0.707107 3004.dat
1 25 304.938446 -72 -114.506348 0.62932 0 0.777146 0 1 0 -0.777146 0 0.62932 3004.dat
1 14 329.345062 -72 -147.99707 0.544639 0 0.838671 0 1 0 -0.838671 0 0.544639 3004.dat
1 25 349.997925 -72 -183.471863 0.45399 0 0.891007 0 1 0 -0.891007 0 0.45399 3004.dat
1 4 366.772125 -72 -220.869232 0.358368 0 0.933581 0 1 0 -0.933581 0 0.358368 3004.dat
1 25 379.588318 -72 -259.883179 0.258819 0 0.965926 0 1 0 -0.965926 0 0.258819 3004.dat
1 14 388.08429 -72 -299.918579 0.156434 0 0.987688 0 1 0 -0.987688 0 0.156434 3004.dat
1 25 392.522705 -72 -340.726715 0.052336 0 0.99863 0 1 0 -0.99863 0 0.052336 3004.dat
1 4 392.635895 -72 -381.713623 -0.052336 0 0.99863 0 1 0 -0.99863 0 -0.052336 3004.dat
1 25 388.475647 -72 -422.567444 -0.156435 0 0.987688 0 1 0 -0.987688 0 -0.156435 3004.dat
1 14 380.010132 -72 -462.566376 -0.258819 0 0.965926 0 1 0 -0.965926 0 -0.258819 3004.dat
1 25 367.466797 -72 -501.651703 -0.358368 0 0.933581 0 1 0 -0.933581 0 -0.358368 3004.dat
1 4 350.899231 -72 -539.141113 -0.453991 0 0.891007 0 1 0 -0.891007 0 -0.453991 3004.dat
1 25 330.481873 -72 -574.770813 -0.544639 0 0.838671 0 1 0 -0.838671 0 -0.544639 3004.dat
1 14 306.414734 -72 -607.873474 -0.62932 0 0.777146 0 1 0 -0.777146 0 -0.62932 3004.dat
1 25 279.058289 -72 -638.477783 -0.707107 0 0.707107 0 1 0 -0.707107 0 -0.707107 3004.dat
1 4 248.674713 -72 -665.987549 -0.777146 0 0.62932 0 1 0 -0.62932 0 -0.777146 3004.dat
1 25 215.530701 -72 -690.2323 -0.838671 0 0.544639 0 1 0 -0.544639 0 -0.838671 3004.dat
1 14 179.672256 -72 -711.004456 -0.891007 0 0.45399 0 1 0 -0.45399 0 -0.891007 3004.dat
1 25 142.233002 -72 -727.836121 -0.933581 0 0.358368 0 1 0 -0.358368 0 -0.933581 3004.dat
1 4 103.287125 -72 -740.609436 -0.965926 0 0.258819 0 1 0 -0.258819 0 -0.965926 3004.dat
1 25 63.14724 -72 -749.277222 -0.987688 0 0.156434 0 1 0 -0.156434 0 -0.987688 3004.dat
1 14 22.443012 -72 -753.54187 -0.99863 0 0.052336 0 1 0 -0.052336 0 -0.99863 3004.dat
1 25 -18.60545 -72 -753.69043 -0.99863 0 -0.052336 0 1 0 0.052336 0 -0.99863 3004.dat
1 14 -60.04388 -72 -749.231812 -0.987688 0 -0.156434 0 1 0 0.156434 0 -0.987688 3004.dat
1 25 -100.226189 -72 -740.842773 -0.965926 0 -0.258819 0 1 0 0.258819 0 -0.965926 3004.dat
1 4 -139.242065 -72 -728.284607 -0.93358 0 -0.358368 0 1 0 0.358368 0 -0.93358 3004.dat
1 25 -176.810745 -72 -711.703613 -0.891006 0 -0.45399 0 1 0 0.45399 0 -0.891006 3004.dat
1 14 -212.247879 -72 -691.228149 -0.838671 0 -0.544639 0 1 0 0.544639 0 -0.838671 3004.dat
1 25 -245.544098 -72 -667.220825 -0.777146 0 -0.62932 0 1 0 0.62932 0 -0.777146 3004.dat
1 4 -276.078949 -72 -639.879272 -0.707107 0 -0.707107 0 1 0 0.707107 0 -0.707107 3004.dat
1 25 -303.655396 -72 -609.45105 -0.62932 0 -0.777146 0 1 0 0.777146 0 -0.62932 3004.dat
1 14 -328.061981 -72 -575.960266 -0.544639 0 -0.83867 0 1 0 0.83867 0 -0.544639 3004.dat
1 25 -348.714874 -72 -540.485596 -0.45399 0 -0.891006 0 1 0 0.891006 0 -0.45399 3004.dat
1 4 -365.489105 -72 -503.088196 -0.358368 0 -0.93358 0 1 0 0.93358 0 -0.358368 3004.dat
1 25 -378.305359 -72 -464.074219 -0.258819 0 -0.965926 0 1 0 0.965926 0 -0.258819 3004.dat
1 14 -386.801117 -72 -424.038696 -0.156434 0 -0.987688 0 1 0 0.987688 0 -0.156434 3004.dat
1 25 -391.239685 -72 -383.230499 -0.052336 0 -0.998629 0 1 0 0.998629 0 -0.052336 3004.dat
1 4 -391.352844 -72 -342.243683 0.052336 0 -0.998629 0 1 0 0.998629 0 0.052336 3004.dat
1 25 -387.192627 -72 -301.389862 0.156434 0 -0.987688 0 1 0 0.987688 0 0.156434 3004.dat
1 14 -378.727142 -72 -261.39093 0.258819 0 -0.965926 0 1 0 0.965926 0 0.258819 3004.dat
1 25 -366.183685 -72 -222.305603 0.358368 0 -0.93358 0 1 0 0.93358 0 0.358368 3004.dat
1 4 -349.616211 -72 -184.816162 0.45399 0 -0.891006 0 1 0 0.891006 0 0.45399 3004.dat
1 25 -329.198853 -72 -149.186478 0.544639 0 -0.838671 0 1 0 0.838671 0 0.544639 3004.dat
1 14 -305.131653 -72 -116.083908 0.62932 0 -0.777146 0 1 0 0.777146 0 0.62932 3004.dat
1 25 -277.77533 -72 -85.479492 0.707107 0 -0.707107 0 1 0 0.707107 0 0.707107 3004.dat
1 4 -247.391724 -72 -57.969849 0.777146 0 -0.62932 0 1 0 0.62932 0 0.777146 3004.dat
1 25 -214.247726 -72 -33.725067 0.83867 0 -0.544639 0 1 0 0.544639 0 0.83867 3004.dat
1 14 -178.389297 -72 -12.952881 0.891006 0 -0.45399 0 1 0 0.45399 0 0.891006 3004.dat
1 25 -140.950012 -72 3.878784 0.93358 0 -0.358368 0 1 0 0.358368 0 0.93358 3004.dat
1 4 -102.004105 -72 16.6521 0.965926 0 -0.258819 0 1 0 0.258819 0 0.965926 3004.dat
1 25 -61.864288 -72 25.319855 0.987688 0 -0.156434 0 1 0 0.156434 0 0.987688 3004.dat
1 14 -21.159931 -72 29.584534 0.998629 0 -0.052336 0 1 0 0.052336 0 0.998629 3004.dat
1 25 19.888428 -72 29.733063 0.99863 0 0.052336 0 1 0 -0.052336 0 0.99863 3004.dat