0 untitled model
0 Name: 
0 Author: BrickCamp (by Tobias Buckdahn)
1 14 0 0 0 0 0 -1 0 1 0 1 0 0 2342.dat
1 14 7 -40 0 0 -0.34202 -0.939692 0 0.939692 -0.34202 1 0 0 2342.dat
1 14 27 -76 0 0 -0.642788 -0.766044 0 0.766044 -0.642787 1 0 0 2342.dat
1 14 58 -103 0 0 -0.866025 -0.5 0 0.5 -0.866025 1 0 0 2342.dat
1 14 96 -118 0 0 -0.984808 -0.173648 0 0.173648 -0.984807 1 0 0 2342.dat
1 14 137 -118 0 0 -0.984807 0.173648 0 -0.173648 -0.984807 1 0 -0 2342.dat
1 14 175 -104 0 0 -0.866025 0.5 0 -0.5 -0.866025 1 0 -0 2342.dat
1 14 206 -77 0 0 -0.642787 0.766044 0 -0.766044 -0.642787 1 0 -0 2342.dat
1 14 227 -42 0 0 -0.34202 0.939692 0 -0.939692 -0.34202 1 0 -0 2342.dat
1 14 234.969742 -1.535629 0 0 0 1 0 -1 0 1 0 0 2342.dat
1 14 227.969757 38.464363 0 -0 0.34202 0.939692 0 -0.939692 0.34202 1 0 0 2342.dat
1 14 207.969757 74.464378 0 -0 0.642788 0.766044 0 -0.766044 0.642787 1 0 0 2342.dat
1 14 176.969772 101.464378 0 -0 0.866025 0.5 0 -0.5 0.866025 1 0 0 2342.dat
1 14 138.969757 116.464378 0 -0 0.984807 0.173648 0 -0.173648 0.984807 1 0 0 2342.dat
1 14 97.969765 116.464355 0 -0 0.984807 -0.173648 0 0.173648 0.984807 1 0 -0 2342.dat
1 14 59.969784 102.464355 0 -0 0.866025 -0.5 0 0.5 0.866025 1 0 -0 2342.dat
1 14 28.969772 75.464355 0 -0 0.642787 -0.766044 0 0.766044 0.642787 1 0 -0 2342.dat
1 14 7.96978 40.464359 0 -0 0.34202 -0.939692 0 0.939692 0.34202 1 0 -0 2342.dat
1 14 -26 0 -100 0 0 -1 0 1 0 1 0 0 2342.dat