0 untitled model
0 Name: 
0 Author: BrickCamp (by Tobias Buckdahn)
1 25 239.789886 -49.406647 -12.484985 0.5 -0.866025 0 0.866025 0.5 -0 -0 0 1 30022.dat
1 14 229.789886 22.593353 -22.484985 -1 0 0 0 -0 1 0 1 0 6061.dat
1 25 239.789871 -49.406647 7.515026 -0.5 -0.866025 0 -0.866025 0.5 -0 0 0 -0.999999 30022.dat
1 25 239.572495 94.262543 -12.484989 -0.5 -0.866025 0 0.866025 -0.5 0 0 0 1 30022.dat
1 14 172.218643 121.602287 -22.484978 -0.5 0 -0.866025 -0.866025 -0 0.5 0 1 0 6061.dat
1 25 239.572479 94.262543 7.515022 0.5 -0.866025 0 -0.866025 -0.5 0 -0 -0 -0.999999 30022.dat
1 25 114.574081 165.935455 -12.484973 -1 0 0 -0 -1 0 0 0 1 30022.dat
1 14 57.220257 121.2752 -22.484962 0.5 0 -0.866025 -0.866025 -0 -0.5 -0 1 0 6061.dat
1 25 114.574081 165.935455 7.515027 0.999999 -0 0 0 -0.999999 0 0 -0 -0.999999 30022.dat
1 25 -9.738365 93.91259 -12.484962 -0.5 0.866026 -0 -0.866026 -0.5 -0 -0 0 1 30022.dat
1 14 0.261635 21.912567 -22.484982 1 0 0 0 -0 -1 -0 1 -0 6061.dat
1 25 -9.738373 93.912582 7.515041 0.5 0.866025 -0 0.866025 -0.5 0 0 -0 -0.999999 30022.dat
1 25 -9.62925 -50.26255 -12.484966 0.5 0.866025 0 -0.866025 0.5 -0 -0 0 1 30022.dat
1 14 57.724579 -77.60228 -22.484982 0.5 0 0.866026 0.866026 -0 -0.5 0 1 -0 6061.dat
1 25 -9.62925 -50.26255 7.51503 -0.5 0.866025 -0 0.866025 0.5 0 0 -0 -0.999999 30022.dat
1 25 114.90062 -121.908859 -12.484978 1 -0 0 0 1 -0 -0 0 1 30022.dat
1 14 172.254471 -77.248573 -22.484983 -0.5 0 0.866025 0.866025 -0 0.5 0 1 0 6061.dat
1 25 114.900642 -121.908859 7.515018 -0.999999 -0 -0 -0 1 -0 0 -0 -0.999999 30022.dat
1 14 2.065308 48 -180.195633 1 0 0 0 1 0 -0 0 1 6061.dat
1 25 4.889252 -40 -152.502213 1 -0 0 -0 0 1 -0 -1 0 30022.dat