0 untitled model
0 Name: 
0 Author: BrickCamp (by Tobias Buckdahn)
1 72 0 0 0 1 0 0 0 1 0 -0 0 1 2867.dat
1 72 306 0 -60 0.923879 0 0.382683 0 1 0 -0.382683 0 0.923879 2867.dat
1 72 566.131592 0 -233.327271 0.707107 0 0.707107 0 1 0 -0.707107 0 0.707107 2867.dat
1 72 740.079834 0.000001 -492.128357 0.382683 0 0.92388 0 1 0 -0.92388 0 0.382683 2867.dat
1 72 800.996582 0 -798.172424 -0 0 1 0 1 0 -1 0 -0 2867.dat
1 72 740.996521 0 -1104.172363 -0.382683 0 0.923879 0 1 0 -0.923879 0 -0.382683 2867.dat
1 72 567.66925 0 -1364.303955 -0.707107 0 0.707107 0 1 0 -0.707107 0 -0.707107 2867.dat
1 72 308.868164 0.000001 -1538.252197 -0.92388 0 0.382683 0 1 0 -0.382683 0 -0.92388 2867.dat
1 72 2.942322 0 -1599.050781 -1 0 -0 0 1 0 0 0 -1 2867.dat
1 72 -303.057678 0 -1539.050659 -0.923879 0 -0.382683 0 1 0 0.382684 0 -0.923879 2867.dat
1 72 -563.18927 0 -1365.723389 -0.707107 0 -0.707107 0 1 0 0.707107 0 -0.707107 2867.dat
1 72 -737.137451 0.000001 -1106.922241 -0.382683 0 -0.92388 0 1 0 0.92388 0 -0.382683 2867.dat
1 72 -798.054199 0 -800.878174 0 0 -1 0 1 0 1 0 0 2867.dat
1 72 -738.054077 0 -494.878265 0.382684 0 -0.923879 0 1 0 0.923879 0 0.382684 2867.dat
1 72 -564.726807 0 -234.746704 0.707107 0 -0.707107 0 1 0 0.707107 0 0.707107 2867.dat
1 72 -305.92572 0.000001 -60.798462 0.92388 0 -0.382683 0 1 0 0.382683 0 0.92388 2867.dat
1 72 0 -816 -800 1 0 0 0 0.707107 0.707107 0 -0.707107 0.707107 2867.dat