0 untitled model
0 Name: 
0 Author: BrickCamp (by Tobias Buckdahn)
1 25 -80 0 0 1 0 0 0 0 1 0 -1 0 3666.dat
1 4 -139.895325 0 9.997259 0.99863 -0.052336 -0 0 -0 1 -0.052336 -0.99863 -0 3710.dat
1 25 -78.790939 0 13.989044 0.994522 -0.104528 0 0 0 1 -0.104528 -0.994522 0 3666.dat
1 4 -137.415283 0 29.912609 0.987689 -0.156435 -0 0 -0 1 -0.156435 -0.987689 -0 3710.dat
1 25 -75.764832 0 27.300766 0.978148 -0.207912 0 0 0 1 -0.207912 -0.978148 0 3666.dat
1 4 -132.272751 0 49.532501 0.965926 -0.258819 -0 0 -0 1 -0.258819 -0.965926 -0 3710.dat
1 25 -71.673706 0 40.732742 0.951057 -0.309017 0 0 0 1 -0.309017 -0.951057 0 3666.dat
1 4 -125.706268 0 68.497025 0.933581 -0.358368 -0 0 -0 1 -0.358368 -0.933581 -0 3710.dat
1 25 -66.431732 0 53.556229 0.913545 -0.406737 0 0 0 1 -0.406737 -0.913545 0 3666.dat
1 4 -117.082581 0 87.050797 0.891007 -0.45399 -0 0 -0 1 -0.453991 -0.891006 -0 3710.dat
1 25 -59.637344 0 65.844086 0.866026 -0.5 0 0 0 1 -0.5 -0.866025 0 3666.dat
1 4 -106.716644 0 104.235649 0.838671 -0.544639 -0 0 -0 1 -0.544639 -0.838671 -0 3710.dat
1 25 -51.458496 0 76.774117 0.809017 -0.587785 0 0 0 1 -0.587785 -0.809017 0 3666.dat
1 4 -94.038582 0 120.067657 0.777146 -0.62932 -0 0 -0 1 -0.62932 -0.777146 -0 3710.dat
1 25 -42.257782 0 87.380829 0.743145 -0.669131 0 0 0 1 -0.669131 -0.743145 0 3666.dat
1 4 -80.326233 0 134.721786 0.707107 -0.707107 -0 0 -0 1 -0.707107 -0.707107 -0 3710.dat
1 25 -32.17012 0 96.444176 0.669131 -0.743145 0 0 0 1 -0.743145 -0.669131 0 3666.dat
1 4 -64.818512 0 147.644562 0.62932 -0.777146 -0 0 -0 1 -0.777146 -0.62932 -0 3710.dat
1 25 -20.96521 0 104.906158 0.587785 -0.809017 0 0 0 1 -0.809017 -0.587785 0 3666.dat
1 4 -48.359039 0 159.127487 0.544639 -0.838671 -0 0 -0 1 -0.838671 -0.544639 -0 3710.dat
1 25 -9.047821 0 111.564606 0.5 -0.866025 0 0 0 1 -0.866025 -0.5 0 3666.dat
1 4 -30.337585 0 168.434113 0.45399 -0.891007 -0 0 -0 1 -0.891007 -0.45399 -0 3710.dat
1 25 3.671585 0 117.512054 0.406737 -0.913546 0 0 0 1 -0.913546 -0.406737 0 3666.dat
1 4 -11.850372 0 176.244003 0.358368 -0.933581 -0 0 -0 1 -0.933581 -0.358368 -0 3710.dat
1 25 16.708862 0 122.197098 0.309017 -0.951056 0 0 0 1 -0.951056 -0.309017 0 3666.dat
1 4 7.708145 0 182.250244 0.258819 -0.965926 -0 0 -0 1 -0.965926 -0.258819 -0 3710.dat
1 25 30.386848 0 125.370056 0.207912 -0.978148 0 0 0 1 -0.978148 -0.207912 0 3666.dat
1 4 27.415146 0 186.045776 0.156434 -0.987689 -0 0 -0 1 -0.987689 -0.156434 -0 3710.dat
1 25 43.982162 0 126.605606 0.104528 -0.994522 0 0 0 1 -0.994522 -0.104528 0 3666.dat
1 4 47.663898 0 187.217819 0.052336 -0.998629 -0 0 -0 1 -0.99863 -0.052336 -0 3710.dat
1 25 58.300217 0 126.672562 -0 -1 0 0 0 1 -1 0 0 3666.dat
1 4 68.29747 0 186.567902 -0.052336 -0.99863 -0 0 -0 1 -0.99863 0.052336 0 3710.dat
1 25 72.289261 0 125.463501 -0.104529 -0.994522 0 0 0 1 -0.994522 0.104529 0 3666.dat
1 4 88.21283 0 184.087845 -0.156435 -0.987689 -0 0 -0 1 -0.987689 0.156435 0 3710.dat
1 25 85.600983 0 122.437393 -0.207912 -0.978148 0 0 0 1 -0.978148 0.207912 0 3666.dat
1 4 107.832718 0 178.945312 -0.258819 -0.965926 -0 0 -0 1 -0.965926 0.258819 0 3710.dat
1 25 99.032959 0 118.346268 -0.309017 -0.951057 0 0 0 1 -0.951057 0.309017 0 3666.dat
1 4 126.797241 0 172.37883 -0.358368 -0.933581 -0 0 -0 1 -0.933581 0.358368 0 3710.dat
1 25 111.856445 0 113.104294 -0.406737 -0.913545 0 0 0 1 -0.913545 0.406737 0 3666.dat
1 4 145.351013 0 163.755142 -0.453991 -0.891006 -0 0 -0 1 -0.891007 0.453991 0 3710.dat
1 25 124.144302 0 106.309906 -0.5 -0.866025 0 0 0 1 -0.866026 0.5 0 3666.dat
1 4 162.535858 0 153.389206 -0.544639 -0.838671 -0 0 -0 1 -0.838671 0.544639 0 3710.dat
1 25 135.074326 0 98.131058 -0.587785 -0.809017 0 0 0 1 -0.809017 0.587785 0 3666.dat
1 4 178.367874 0 140.711136 -0.629321 -0.777146 -0 0 -0 1 -0.777146 0.62932 0 3710.dat
1 25 145.681046 0 88.930344 -0.669131 -0.743145 0 0 0 1 -0.743145 0.669131 0 3666.dat
1 4 193.022003 0 126.998779 -0.707107 -0.707107 -0 0 -0 1 -0.707107 0.707107 0 3710.dat
1 25 154.744385 0 78.842682 -0.743145 -0.66913 0 0 0 1 -0.669131 0.743145 0 3666.dat
1 4 205.944778 0 111.491066 -0.777146 -0.62932 -0 0 -0 1 -0.62932 0.777146 0 3710.dat
1 25 163.20636 0 67.637772 -0.809017 -0.587785 0 0 0 1 -0.587785 0.809017 0 3666.dat
1 4 217.427704 0 95.031593 -0.838671 -0.544639 -0 0 -0 1 -0.544639 0.838671 0 3710.dat
1 25 169.864807 0 55.720379 -0.866025 -0.5 0 0 0 1 -0.5 0.866025 0 3666.dat
1 4 226.734314 0 77.010139 -0.891007 -0.45399 -0 0 -0 1 -0.45399 0.891007 0 3710.dat
1 25 175.812256 0 43.000977 -0.913546 -0.406737 0 0 0 1 -0.406737 0.913546 0 3666.dat
1 4 234.54422 0 58.522926 -0.933581 -0.358368 -0 0 -0 1 -0.358368 0.933581 0 3710.dat
1 25 180.497314 0 29.963699 -0.951056 -0.309017 0 0 0 1 -0.309017 0.951056 0 3666.dat
1 4 240.550476 0 38.964417 -0.965926 -0.258819 -0 0 -0 1 -0.258819 0.965926 0 3710.dat
1 25 183.670258 0 16.285706 -0.978148 -0.207912 0 0 0 1 -0.207912 0.978148 0 3666.dat
1 4 244.345978 0 19.257416 -0.987689 -0.156434 -0 0 -0 1 -0.156434 0.987689 0 3710.dat
1 25 184.905823 0 2.690399 -0.994522 -0.104528 0 0 0 1 -0.104528 0.994522 0 3666.dat
1 4 245.518005 0 -0.991341 -0.99863 -0.052336 -0 0 -0 1 -0.052336 0.998629 0 3710.dat
1 25 185.413376 0 -11.62767 -1 0 0 0 0 1 0 1 0 3666.dat
1 4 245.308701 0 -21.624939 -0.99863 0.052336 0 0 -0 1 0.052336 0.99863 0 3710.dat
1 25 184.204315 0 -25.616714 -0.994522 0.104529 0 0 0 1 0.104529 0.994522 0 3666.dat
1 4 242.828644 0 -41.540283 -0.987689 0.156435 0 0 -0 1 0.156435 0.987689 0 3710.dat
1 25 181.178192 0 -38.928436 -0.978148 0.207912 0 0 0 1 0.207912 0.978148 0 3666.dat
1 4 237.686111 0 -61.160172 -0.965926 0.258819 0 0 -0 1 0.258819 0.965926 0 3710.dat
1 25 177.087067 0 -52.360413 -0.951057 0.309017 0 0 0 1 0.309017 0.951057 0 3666.dat
1 4 231.119629 0 -80.124695 -0.933581 0.358368 0 0 -0 1 0.358368 0.933581 0 3710.dat
1 25 171.845093 0 -65.183899 -0.913545 0.406737 0 0 0 1 0.406737 0.913545 0 3666.dat
1 4 222.495941 0 -98.678467 -0.891006 0.453991 0 0 -0 1 0.453991 0.891006 0 3710.dat
1 25 165.05072 0 -77.471756 -0.866025 0.5 0 0 0 1 0.5 0.866025 0 3666.dat
1 4 212.130005 0 -115.863319 -0.838671 0.544639 0 0 -0 1 0.544639 0.838671 0 3710.dat
1 25 156.871857 0 -88.401779 -0.809017 0.587785 0 0 0 1 0.587785 0.809017 0 3666.dat
1 4 199.45195 0 -131.695328 -0.777146 0.62932 0 0 -0 1 0.629321 0.777146 0 3710.dat
1 25 147.671143 0 -99.008484 -0.743145 0.669131 0 0 0 1 0.669131 0.743145 0 3666.dat
1 4 185.739594 0 -146.349457 -0.707107 0.707107 0 0 -0 1 0.707107 0.707107 0 3710.dat
1 25 137.583481 0 -108.071838 -0.669131 0.743145 0 0 0 1 0.743145 0.66913 0 3666.dat
1 4 170.231873 0 -159.272232 -0.62932 0.777146 0 0 -0 1 0.777146 0.62932 0 3710.dat
1 25 126.378571 0 -116.533821 -0.587785 0.809017 0 0 0 1 0.809017 0.587785 0 3666.dat
1 4 153.7724 0 -170.755157 -0.544639 0.838671 0 0 -0 1 0.838671 0.544639 0 3710.dat
1 25 114.461182 0 -123.192268 -0.5 0.866025 0 0 0 1 0.866026 0.5 0 3666.dat
1 4 135.750946 0 -180.061768 -0.45399 0.891007 0 0 -0 1 0.891007 0.45399 0 3710.dat
1 25 101.741776 0 -129.139709 -0.406737 0.913546 0 0 0 1 0.913546 0.406737 0 3666.dat
1 4 117.263725 0 -187.871674 -0.358368 0.933581 0 0 -0 1 0.933581 0.358368 0 3710.dat
1 25 88.704498 0 -133.824753 -0.309017 0.951056 0 0 0 1 0.951056 0.309017 0 3666.dat
1 4 97.705208 0 -193.877899 -0.258819 0.965926 0 0 -0 1 0.965926 0.258819 0 3710.dat
1 25 75.026512 0 -136.997711 -0.207912 0.978148 0 0 0 1 0.978148 0.207912 0 3666.dat
1 4 77.998207 0 -197.673431 -0.156434 0.987689 0 0 -0 1 0.987689 0.156434 0 3710.dat
1 25 61.431198 0 -138.233261 -0.104528 0.994522 0 0 0 1 0.994522 0.104528 0 3666.dat
1 4 57.749454 0 -198.845474 -0.052336 0.998629 0 0 -0 1 0.99863 0.052336 0 3710.dat
1 25 47.113144 0 -138.300217 0 1 0 0 0 1 1 -0 0 3666.dat
1 4 37.115883 0 -198.195557 0.052336 0.99863 0 0 -0 1 0.99863 -0.052336 -0 3710.dat
1 25 33.1241 0 -137.091156 0.104529 0.994522 0 0 0 1 0.994522 -0.104529 0 3666.dat
1 4 17.200523 0 -195.7155 0.156435 0.987689 0 0 -0 1 0.987689 -0.156435 -0 3710.dat
1 25 19.812378 0 -134.065048 0.207912 0.978148 0 0 0 1 0.978148 -0.207912 0 3666.dat
1 4 -2.419365 0 -190.572968 0.258819 0.965926 0 0 -0 1 0.965926 -0.258819 -0 3710.dat
1 25 6.380402 0 -129.973923 0.309017 0.951057 0 0 0 1 0.951057 -0.309017 0 3666.dat
1 4 -21.383888 0 -184.00647 0.358368 0.933581 0 0 -0 1 0.933581 -0.358368 -0 3710.dat
1 25 -6.443085 0 -124.731934 0.406737 0.913545 0 0 0 1 0.913545 -0.406737 0 3666.dat
1 4 -39.93766 0 -175.382782 0.453991 0.891006 0 0 -0 1 0.891006 -0.453991 -0 3710.dat
1 25 -18.730942 0 -117.937553 0.5 0.866025 0 0 0 1 0.866025 -0.5 0 3666.dat
1 4 -57.122505 0 -165.016846 0.544639 0.838671 0 0 -0 1 0.838671 -0.544639 -0 3710.dat
1 25 -29.660965 0 -109.758705 0.587785 0.809017 0 0 0 1 0.809017 -0.587785 0 3666.dat
1 4 -72.954514 0 -152.338776 0.629321 0.777146 0 0 -0 1 0.777146 -0.629321 -0 3710.dat
1 25 -40.267685 0 -100.557983 0.669131 0.743145 0 0 0 1 0.743145 -0.669131 0 3666.dat
1 4 -87.608643 0 -138.626419 0.707107 0.707107 0 0 -0 1 0.707107 -0.707107 -0 3710.dat
1 25 -49.331024 0 -90.470322 0.743145 0.66913 0 0 0 1 0.66913 -0.743145 0 3666.dat
1 4 -100.531418 0 -123.118706 0.777146 0.62932 0 0 -0 1 0.62932 -0.777146 -0 3710.dat
1 25 -57.792999 0 -79.265411 0.809017 0.587785 0 0 0 1 0.587785 -0.809017 0 3666.dat
1 4 -112.014343 0 -106.659233 0.838671 0.544639 0 0 -0 1 0.544639 -0.838671 -0 3710.dat
1 25 -64.451439 0 -67.348022 0.866026 0.5 0 0 0 1 0.5 -0.866025 0 3666.dat
1 4 -121.320953 0 -88.637787 0.891007 0.45399 0 0 -0 1 0.45399 -0.891007 -0 3710.dat
1 25 -70.398888 0 -54.628632 0.913546 0.406736 0 0 0 1 0.406737 -0.913546 0 3666.dat
1 4 -129.130859 0 -70.150574 0.933581 0.358368 0 0 -0 1 0.358368 -0.933581 -0 3710.dat
1 25 -75.083946 0 -41.591339 0.951056 0.309017 0 0 0 1 0.309017 -0.951056 0 3666.dat
1 4 -135.137115 0 -50.592056 0.965926 0.258819 0 0 -0 1 0.258819 -0.965926 -0 3710.dat
1 25 -78.256882 0 -27.913345 0.978148 0.207912 0 0 0 1 0.207912 -0.978148 0 3666.dat
1 4 -138.932602 0 -30.885056 0.987689 0.156434 0 0 -0 1 0.156434 -0.987689 -0 3710.dat
1 25 -79.492447 0 -14.318039 0.994522 0.104528 0 0 0 1 0.104528 -0.994522 0 3666.dat
1 4 -140.10463 0 -10.636292 0.99863 0.052336 0 0 -0 1 0.052336 -0.998629 -0 3710.dat