0 untitled model
0 Name: 
0 Author: BrickCamp (by Tobias Buckdahn)
1 14 106.368813 -92.414215 49.144966 0 -1 -0 1 0 0 0 -0 1 99780.dat
1 25 98.368805 -132.414215 49.144966 -0 1 0 -1 -0 -0 0 -0 1 99781.dat
1 47 108.368805 -112.414215 27.144966 -0 0 -1 -1 -0 -0 -0 1 0 3710.dat
1 14 67.78302 -92.414215 -1.097679 -0 0.707107 0.707107 1 0 0 -0 0.707107 -0.707107 99780.dat
1 25 73.43988 -132.414215 4.559181 0 -0.707107 0.707107 -1 -0 -0 0 -0.707107 -0.707107 99781.dat
1 47 50.812466 -112.414215 13.044464 -0 0.707107 0.707107 -1 -0 -0 0 -0.707107 0.707107 3710.dat
1 25 -13.631195 -132.414215 -50.855042 -0 1 0 -1 -0 -0 0 -0 1 44728.dat
1 14 -5.631195 -92.414215 -50.855042 0 -1 -0 1 0 0 0 -0 1 99207.dat
1 47 6.368805 -112.414215 -72.855042 -0 0 -1 -1 -0 -0 -0 1 0 3020.dat
1 25 -40.660637 -132.414215 -100.369766 0 -0.707107 0.707107 -1 -0 -0 0 -0.707107 -0.707107 44728.dat
1 14 -46.31749 -92.414215 -106.026611 -0 0.707107 0.707107 1 0 0 -0 0.707107 -0.707107 99207.dat
1 47 -70.359116 -112.414215 -98.955521 0 0.707107 0.707107 -1 -0 -0 0 -0.707107 0.707107 3020.dat
1 14 155.368805 -45.4142 5.730751 1 0 0 -0 1 0 0 -0 1 99780.dat
1 25 115.368805 -61.414215 -54.269249 1 0 0 -0 1 0 0 -0 1 99781.dat
1 25 3.78302 -64.414207 -148.269257 1 0 0 -0 1 0 0 -0 1 44728.dat
1 14 43.78302 -32.414223 -100.269264 1 0 0 -0 1 0 0 -0 1 99207.dat