0 untitled model
0 Name: 
0 Author: BrickCamp (by Tobias Buckdahn)
1 14 48.063301 194.063278 51.000008 0 -1 -0 -1 0 -0 0 0 -1 93606.dat
1 25 16.063293 194.063263 71.000008 0 -1 -0 -1 0 -0 0 0 -1 3023.dat
1 4 24.063301 194.063278 71 0 -1 -0 -1 0 -0 0 0 -1 3794b.dat
1 4 8.063278 194.063263 71 0 -1 -0 -1 0 -0 0 0 -1 60470a.dat
1 25 32.063286 194.063263 41 -0 -1 0 1 0 0 0 0 1 48336.dat
1 14 40.613121 194.063263 -36.034477 0 -0.809017 -0.587785 -1 0 -0 0 0.587785 -0.809017 93606.dat
1 25 26.480301 194.063278 -1.045015 0 -0.809017 -0.587785 -1 0 -0 0 0.587785 -0.809017 3023.dat
1 4 32.952438 194.063263 -5.747297 0 -0.809017 -0.587785 -1 0 -0 0 0.587785 -0.809017 3794b.dat
1 4 20.008171 194.063263 3.657262 0 -0.809017 -0.587785 -1 0 -0 0 0.587785 -0.809017 60470a.dat
1 25 21.790993 194.063248 -34.720085 -0 -0.809017 0.587785 1 0 0 0 0.587785 0.809017 48336.dat
1 14 -16.940308 194.063263 -102.366936 0 -0.309017 -0.951056 -1 0 0 0 0.951057 -0.309017 93606.dat
1 25 -7.807709 194.063263 -65.752785 0 -0.309017 -0.951056 -1 0 0 0 0.951057 -0.309017 3023.dat
1 4 -5.335594 194.063263 -73.361237 0 -0.309017 -0.951056 -1 0 0 0 0.951057 -0.309017 3794b.dat
1 4 -10.279861 194.063263 -58.144341 0 -0.309017 -0.951056 -1 0 0 0 0.951057 -0.309017 60470a.dat
1 25 -31.395138 194.063263 -90.240189 -0 -0.309017 0.951056 1 0 -0 0 0.951057 0.309017 48336.dat
1 14 -102.017227 194.063248 -122.176544 0 0.309017 -0.951056 -1 0 -0 -0 0.951056 0.309017 93606.dat
1 25 -73.107559 194.063248 -97.92308 0 0.309017 -0.951056 -1 0 -0 -0 0.951056 0.309017 3023.dat
1 4 -75.579704 194.063263 -105.531548 0 0.309017 -0.951056 -1 0 -0 -0 0.951056 0.309017 3794b.dat
1 4 -70.635437 194.063263 -90.314644 0 0.309017 -0.951056 -1 0 -0 -0 0.951056 0.309017 60470a.dat
1 25 -106.583542 194.063263 -103.869476 -0 0.309017 0.951056 1 0 0 0 0.951056 -0.309017 48336.dat
1 14 -182.613098 194.063263 -87.452171 0 0.809017 -0.587785 -1 0 -0 -0 0.587785 0.809017 93606.dat
1 25 -144.968826 194.063263 -84.82338 0 0.809017 -0.587785 -1 0 -0 -0 0.587785 0.809017 3023.dat
1 4 -151.440964 194.063263 -89.525658 0 0.809017 -0.587785 -1 0 -0 -0 0.587785 0.809017 3794b.dat
1 4 -138.496689 194.063263 -80.121101 0 0.809017 -0.587785 -1 0 -0 -0 0.587785 0.809017 60470a.dat
1 25 -175.546646 194.063263 -69.95742 -0 0.809017 0.587785 1 0 0 0 0.587785 -0.809017 48336.dat
1 14 -228.063263 194.063248 -12.537251 0 1 0 -1 -0 0 0 -0 1 93606.dat
1 25 -196.063232 194.063248 -32.537247 0 1 0 -1 -0 0 0 -0 1 3023.dat
1 4 -204.063232 194.063263 -32.537239 0 1 0 -1 -0 0 0 -0 1 3794b.dat
1 4 -188.063248 194.063263 -32.537239 0 1 0 -1 -0 0 0 -0 1 60470a.dat
1 25 -212.063293 194.063263 -2.537241 -0 1 -0 1 -0 -0 0 -0 -1 48336.dat
1 14 -220.613037 194.063248 74.497238 0 0.809017 0.587785 -1 -0 -0 0 -0.587785 0.809017 93606.dat
1 25 -206.480286 194.063263 39.507767 0 0.809017 0.587785 -1 -0 -0 0 -0.587785 0.809017 3023.dat
1 4 -212.952423 194.063263 44.21006 0 0.809017 0.587785 -1 -0 -0 0 -0.587785 0.809017 3794b.dat
1 4 -200.008118 194.063248 34.805496 0 0.809017 0.587785 -1 -0 -0 0 -0.587785 0.809017 60470a.dat
1 25 -201.790955 194.063263 73.182846 -0 0.809017 -0.587785 1 -0 0 0 -0.587785 -0.809017 48336.dat
1 14 -163.059662 194.063263 140.829681 0 0.309017 0.951056 -1 0 0 0 -0.951056 0.309017 93606.dat
1 25 -172.192261 194.063263 104.215538 0 0.309017 0.951056 -1 0 0 0 -0.951056 0.309017 3023.dat
1 4 -174.664337 194.063263 111.823982 0 0.309017 0.951056 -1 0 0 0 -0.951056 0.309017 3794b.dat
1 4 -169.720123 194.063248 96.607094 0 0.309017 0.951056 -1 0 0 0 -0.951056 0.309017 60470a.dat
1 25 -148.604797 194.063248 128.702942 -0 0.309017 -0.951056 1 0 -0 0 -0.951056 -0.309017 48336.dat
1 14 -77.982712 194.063248 160.639282 0 -0.309017 0.951056 -1 0 -0 0 -0.951056 -0.309017 93606.dat
1 25 -106.892395 194.063263 136.385834 0 -0.309017 0.951056 -1 0 -0 0 -0.951056 -0.309017 3023.dat
1 4 -104.420235 194.063263 143.994293 0 -0.309017 0.951056 -1 0 -0 0 -0.951056 -0.309017 3794b.dat
1 4 -109.364532 194.063263 128.777405 0 -0.309017 0.951056 -1 0 -0 0 -0.951056 -0.309017 60470a.dat
1 25 -73.416412 194.063248 142.33223 -0 -0.309017 -0.951056 1 0 0 -0 -0.951056 0.309017 48336.dat
1 14 2.613136 194.063263 125.914932 0 -0.809017 0.587785 -1 -0 -0 0 -0.587785 -0.809017 93606.dat
1 25 -35.03112 194.063263 123.286102 0 -0.809017 0.587785 -1 -0 -0 0 -0.587785 -0.809017 3023.dat
1 4 -28.558998 194.063248 127.988403 0 -0.809017 0.587785 -1 -0 -0 0 -0.587785 -0.809017 3794b.dat
1 4 -41.503246 194.063248 118.583855 0 -0.809017 0.587785 -1 -0 -0 0 -0.587785 -0.809017 60470a.dat
1 25 -4.453308 194.063263 108.420174 -0 -0.809017 -0.587785 1 -0 0 -0 -0.587785 0.809017 48336.dat
1 46 -87.026611 183.188766 51.564426 0.5 0.015114 0.865893 -0.75 0.507481 0.42422 -0.433012 -0.86153 0.265076 93606.dat
1 25 -104.396805 193.075378 11.001869 0.5 0.015114 0.865893 -0.75 0.507481 0.42422 -0.433012 -0.86153 0.265076 3023.dat
1 4 -103.981804 186.883881 25.586262 0.5 0.015114 0.865893 -0.75 0.507481 0.42422 -0.433012 -0.86153 0.265076 3794b.dat
1 4 -104.811775 199.266861 -3.582529 0.5 0.015114 0.865893 -0.75 0.507481 0.42422 -0.433012 -0.86153 0.265076 60470a.dat
1 25 -78.125893 195.550659 40.43071 -0.5 0.015114 -0.865893 0.75 0.507481 -0.42422 0.433012 -0.86153 -0.265076 48336.dat