0 untitled model
0 Name: 
0 Author: BrickCamp (by Tobias Buckdahn)
1 14 -75.62236 0 42.683754 0 0.809017 0.587785 -1 0 0 0 -0.587785 0.809017 87993.dat
1 14 -114.656906 0 31.489836 -0 0.809017 -0.587785 -1 -0 -0 -0 0.587785 0.809017 87993.dat
1 14 -77.999191 0 -22.872194 0 -1 -0 -1 0 0 0 0 -1 87993.dat
1 14 -52.999184 0 9.127799 0 -0.309017 0.951056 -1 -0 -0 0 -0.951056 -0.309017 87993.dat
1 25 -115.814491 0 -9.268581 0 -0.309017 -0.951056 -1 -0 -0 -0 0.951056 -0.309017 87993.dat
1 25 -80.62236 -48 16.683754 0.707107 0.110616 0.698401 0 0.987688 -0.156434 -0.707107 0.110616 0.698401 87993.dat