0 Untitled
0 Name: model.ldr
0 Author: BrickCamp (by Tobias Buckdahn)
0 Unofficial Model
0 ROTATION CENTER 0 0 0 1 "Custom" 
0 ROTATION CONFIG 0 0
1 25 0 0 0 0 0 -1 0 1 0 1 0 0 2555.dat
1 25 0 -28 0 0 0 -1 0 -1 0 -1 0 0 2555.dat
1 14 0 -22.55 15.397 1 0 0 0 -0.5 -0.866025 0 0.866025 -0.5 2555.dat
1 14 0 -5.05 -14.914 1 0 0 0 0.5 0.866025 0 -0.866025 0.5 2555.dat
1 14 0 -21.674 -14.977 1 0 0 0 -0.5 0.866025 0 -0.866025 -0.5 2555.dat
1 14 0 -5.54 14.969 1 0 0 0 0.5 -0.866025 0 0.866025 0.5 2555.dat
1 4 0 -14 -3.999 1 0 0 0 0 -1 0 1 0 3070b.dat
0
