0 untitled model
0 Name: 
0 Author: BrickCamp (by Tobias Buckdahn)
1 14 -30.000008 0 30 0.999999 0 0 0 1 0 -0 0 0.999999 47397.dat
1 14 -10.390778 0 24.56061 0.945518 0 0.325568 0 1 0 -0.325568 0 0.945518 47398.dat
1 4 -39.89077 -8 -91.9394 -0.325568 0 0.945518 0 1 0 -0.945518 0 -0.325568 2429.dat
1 4 -39.000008 -8 -90.000008 0 0 -0.999999 0 1 0 0.999999 0 0 2430.dat
1 25 -59.000008 -8 -10 -0 0 0.999999 0 1 0 -0.999999 0 -0 3020.dat
1 4 -20.000008 -8 29.000004 1 -0 0 0 1 -0 -0 0 0.999999 2429.dat
1 4 -20.000008 -8 28.000004 0.945518 0 0.325568 0 1 0 -0.325568 0 0.945518 2430.dat
1 14 46.290489 0 4.64822 0.945518 0 0.325568 0 1 0 -0.325568 0 0.945518 47397.dat
1 14 63.711617 0 -4.987926 0.78801 0 0.615661 0 1 0 -0.615661 0 0.78801 47398.dat
1 4 -2.109867 -8 -105.536598 -0.615661 0 0.78801 0 1 0 -0.78801 0 -0.615661 2429.dat
1 4 -2.23288 -8 -105.558327 0.325568 0 -0.945518 0 1 0 0.945518 0 0.325568 2430.dat
1 25 4.902206 -8 -23.405479 -0.325568 0 0.945518 0 1 0 -0.945518 0 -0.325568 3020.dat
1 4 55.745682 -8 1.392538 0.945518 -0 0.325568 0 1 -0 -0.325568 0 0.945518 2429.dat
1 4 55.745682 -8 1.392538 0.78801 0 0.615661 0 1 0 -0.615661 0 0.78801 2430.dat
1 14 110.867737 0 -41.932823 0.78801 0 0.615661 0 1 0 -0.615661 0 0.78801 47397.dat
1 14 124.202515 0 -56.715748 0.544639 0 0.83867 0 1 0 -0.83867 0 0.544639 47398.dat
1 4 29.231644 -8 -130.35701 -0.83867 0 0.544639 0 1 0 -0.544639 0 -0.83867 2429.dat
1 4 29.108246 -8 -130.337509 0.615661 0 -0.78801 0 1 0 0.78801 0 0.615661 2430.dat
1 25 62.600956 -8 -54.98341 -0.615661 0 0.78801 0 1 0 -0.78801 0 -0.615661 3020.dat
1 4 118.747849 -8 -48.089432 0.78801 -0 0.615661 0 1 -0 -0.615661 0 0.78801 2429.dat
1 4 118.747849 -8 -48.089432 0.544639 0 0.83867 0 1 0 -0.83867 0 0.544639 2430.dat
1 14 156.608673 0 -107.303398 0.544639 0 0.83867 0 1 0 -0.83867 0 0.544639 47397.dat
1 14 164.404114 0 -125.622299 0.241922 0 0.970295 0 1 0 -0.970295 0 0.241922 47398.dat
1 4 50.632126 -8 -164.331985 -0.970295 0 0.241922 0 1 0 -0.241922 0 -0.970295 2429.dat
1 4 50.521805 -8 -164.273376 0.83867 0 -0.544638 0 1 0 0.544639 0 0.83867 2430.dat
1 25 106.722679 -8 -103.928841 -0.83867 0 0.544639 0 1 0 -0.544639 0 -0.83867 3020.dat
1 4 162.055069 -8 -115.690109 0.544639 -0 0.83867 0 1 -0 -0.83867 0 0.544639 2429.dat
1 4 162.055069 -8 -115.690109 0.241922 0 0.970295 0 1 0 -0.970295 0 0.241922 2430.dat
1 14 178.957748 0 -184.043228 0.241922 0 0.970295 0 1 0 -0.970295 0 0.241922 47397.dat
1 14 180.364426 0 -203.902039 -0.087156 0 0.996194 0 1 0 -0.996194 0 -0.087156 47398.dat
1 4 60.188271 -8 -203.462219 -0.996194 0 -0.087156 0 1 0 0.087156 0 -0.996194 2429.dat
1 4 60.103043 -8 -203.370895 0.970295 0 -0.241922 0 1 0 0.241922 0 0.970295 2430.dat
1 25 132.88826 -8 -164.611221 -0.970295 0 0.241922 0 1 0 -0.241922 0 -0.970295 3020.dat
1 4 181.376968 -8 -193.746185 0.241922 -0 0.970295 0 1 -0 -0.970295 0 0.241922 2429.dat
1 4 181.376968 -8 -193.746185 -0.087156 0 0.996194 0 1 0 -0.996194 0 -0.087156 2430.dat
1 14 174.755951 0 -263.716858 -0.087156 0 0.996194 0 1 0 -0.996194 0 -0.087156 47397.dat
1 14 169.620605 0 -282.951721 -0.406736 0 0.913545 0 1 0 -0.913545 0 -0.406736 47398.dat
1 4 56.134995 -8 -243.410339 -0.913545 0 -0.406736 0 1 0 0.406736 0 -0.913545 2429.dat
1 4 56.084152 -8 -243.296234 0.996194 0 0.087156 0 1 0 -0.087156 0 0.996194 2430.dat
1 25 137.522842 -8 -230.344788 -0.996194 0 -0.087156 0 1 0 0.087156 0 -0.996194 3020.dat
1 4 173.884399 -8 -273.678833 -0.087156 0 0.996194 0 1 -0 -0.996194 0 -0.087156 2429.dat
1 4 173.884399 -8 -273.678833 -0.406736 0 0.913545 0 1 0 -0.913545 0 -0.406736 2430.dat
1 14 145.181213 0 -337.644867 -0.406736 0 0.913545 0 1 0 -0.913545 0 -0.406736 47397.dat
1 14 134.063385 0 -354.159851 -0.681998 0 0.731353 0 1 0 -0.731353 0 -0.681998 47398.dat
1 4 39.634048 -8 -279.82547 -0.731354 0 -0.681998 0 1 0 0.681998 0 -0.731353 2429.dat
1 4 39.623123 -8 -279.701019 0.913545 0 0.406736 0 1 0 -0.406737 0 0.913545 2430.dat
1 25 120.841492 -8 -293.969055 -0.913545 0 -0.406736 0 1 0 0.406736 0 -0.913545 3020.dat
1 4 141.113861 -8 -346.780334 -0.406737 0 0.913545 0 1 -0 -0.913545 0 -0.406736 2429.dat
1 4 141.113861 -8 -346.780334 -0.681998 0 0.731353 0 1 0 -0.731353 0 -0.681998 2430.dat
1 14 92.818169 0 -397.841675 -0.681998 0 0.731353 0 1 0 -0.731353 0 -0.681998 47397.dat
1 14 76.929306 0 -409.837311 -0.882947 0 0.469471 0 1 0 -0.469471 0 -0.882947 47398.dat
1 4 11.84552 -8 -308.80957 -0.469471 0 -0.882947 0 1 0 0.882947 0 -0.469471 2429.dat
1 4 11.875702 -8 -308.688324 0.731353 0 0.681998 0 1 0 -0.681998 0 0.731353 2430.dat
1 25 84.023964 -8 -348.621155 -0.731353 0 -0.681998 0 1 0 0.681998 0 -0.731353 3020.dat
1 4 85.998184 -8 -405.155212 -0.681998 0 0.731353 0 1 -0 -0.731353 0 -0.681998 2429.dat
1 4 85.998184 -8 -405.155212 -0.882947 0 0.469471 0 1 0 -0.469471 0 -0.882947 2430.dat
1 14 23.893311 0 -437.899719 -0.882947 0 0.469471 0 1 0 -0.469471 0 -0.882947 47397.dat
1 14 4.964661 0 -444.068909 -0.987688 0 0.156434 0 1 0 -0.156434 0 -0.987688 47398.dat
1 4 -23.681824 -8 -327.356079 -0.156435 0 -0.987687 0 1 0 0.987688 0 -0.156434 2429.dat
1 4 -23.613831 -8 -327.251282 0.469471 0 0.882947 0 1 0 -0.882947 0 0.469471 2430.dat
1 25 31.602844 -8 -388.49765 -0.469471 0 -0.882947 0 1 0 0.882947 0 -0.469471 3020.dat
1 4 15.063812 -8 -442.594421 -0.882947 0 0.469471 0 1 -0 -0.469471 0 -0.882947 2429.dat
1 4 15.063812 -8 -442.594421 -0.987688 0 0.156434 0 1 0 -0.156434 0 -0.987687 2430.dat
1 14 -54.430237 0 -453.097534 -0.987688 0 0.156434 0 1 0 -0.156434 0 -0.987688 47397.dat
1 14 -74.33606 0 -452.768066 -0.984807 0 -0.173648 0 1 0 0.173648 0 -0.984807 47398.dat
1 4 -63.423889 -8 -333.087524 0.173648 0 -0.984807 0 1 0 0.984807 0 0.173648 2429.dat
1 4 -63.325485 -8 -333.01059 0.156434 0 0.987687 0 1 0 -0.987688 0 0.156434 2430.dat
1 25 -31.056946 -8 -408.896973 -0.156434 0 -0.987688 0 1 0 0.987688 0 -0.156434 3020.dat
1 4 -64.307114 -8 -454.661865 -0.987688 0 0.156434 0 1 -0 -0.156434 0 -0.987687 2429.dat
1 4 -64.307114 -8 -454.661865 -0.984807 0 -0.173648 0 1 0 0.173648 0 -0.984807 2430.dat
1 14 -133.317017 0 -442.286102 -0.984807 0 -0.173648 0 1 0 0.173648 0 -0.984807 47397.dat
1 14 -152.031097 0 -435.493866 -0.874619 0 -0.484809 0 1 0 0.484809 0 -0.874619 47398.dat
1 4 -102.749283 -8 -325.886353 0.484809 0 -0.874619 0 1 0 0.874619 0 0.484809 2429.dat
1 4 -102.631165 -8 -325.845642 -0.173648 0 0.984807 0 1 0 -0.984807 0 -0.173648 2430.dat
1 25 -96.826874 -8 -408.103241 0.173648 0 -0.984807 0 1 0 0.984807 0 0.173648 3020.dat
1 4 -143.1651 -8 -440.549622 -0.984807 0 -0.173648 0 1 -0 0.173648 -0 -0.984807 2429.dat
1 4 -143.1651 -8 -440.549622 -0.874619 0 -0.484809 0 1 0 0.484809 0 -0.874619 2430.dat
1 14 -204.393494 0 -406.041382 -0.874619 0 -0.484809 0 1 0 0.484809 0 -0.874619 47397.dat
1 14 -219.876663 0 -393.526489 -0.66913 0 -0.743144 0 1 0 0.743144 0 -0.66913 47398.dat
1 4 -137.595062 -8 -305.93515 0.743144 0 -0.66913 0 1 0 0.66913 0 0.743144 2429.dat
1 4 -137.470139 -8 -305.93512 -0.484809 0 0.874619 0 1 0 -0.874619 0 -0.484809 2430.dat
1 25 -158.762512 -8 -385.600891 0.484809 0 -0.874619 0 1 0 0.874619 0 0.484809 3020.dat
1 4 -213.139709 -8 -401.193298 -0.874619 0 -0.484809 0 1 -0 0.484809 -0 -0.874619 2429.dat
1 4 -213.139709 -8 -401.193298 -0.66913 0 -0.743144 0 1 0 0.743144 0 -0.66913 2430.dat
1 14 -260.153748 0 -348.776398 -0.66913 0 -0.743144 0 1 0 0.743144 0 -0.66913 47397.dat
1 14 -270.718903 0 -331.902496 -0.390731 0 -0.920504 0 1 0 0.920504 0 -0.390731 47398.dat
1 4 -164.403168 -8 -275.871552 0.920504 0 -0.390731 0 1 0 0.390731 0 0.920504 2429.dat
1 4 -164.285049 -8 -275.91217 -0.743145 0 0.66913 0 1 0 -0.66913 0 -0.743144 2430.dat
1 25 -210.354004 -8 -344.305511 0.743144 0 -0.66913 0 1 0 0.66913 0 0.743144 3020.dat
1 4 -266.845032 -8 -341.34494 -0.66913 0 -0.743144 0 1 -0 0.743144 -0 -0.66913 2429.dat
1 4 -266.845032 -8 -341.34494 -0.390731 0 -0.920504 0 1 0 0.920504 0 -0.390731 2430.dat
1 14 -293.848267 0 -276.456116 -0.390731 0 -0.920504 0 1 0 0.920504 0 -0.390731 47397.dat
1 14 -298.344238 0 -257.061859 -0.069757 0 -0.997563 0 1 0 0.997564 0 -0.069756 47398.dat
1 4 -179.578842 -8 -238.696548 0.997564 0 -0.069757 0 1 0 0.069757 0 0.997563 2429.dat
1 4 -179.480392 -8 -238.773438 -0.920504 0 0.390731 0 1 0 -0.390731 0 -0.920504 2430.dat
1 25 -245.306152 -8 -288.442017 0.920504 0 -0.390731 0 1 0 0.390731 0 0.920504 3020.dat
1 4 -297.755615 -8 -267.251068 -0.390731 0 -0.920504 0 1 -0 0.920504 -0 -0.390731 2429.dat
1 4 -297.755615 -8 -267.251068 -0.069757 0 -0.997563 0 1 0 0.997563 0 -0.069756 2430.dat
1 14 -302.442413 0 -197.297073 -0.069756 0 -0.997563 0 1 0 0.997564 0 -0.069756 47397.dat
1 14 -300.379272 0 -177.495697 0.258819 0 -0.965925 0 1 0 0.965925 0 0.258819 47398.dat
1 4 -182.105255 -8 -198.79718 0.965926 0 0.258819 0 1 0 -0.258819 0 0.965925 2429.dat
1 4 -182.03717 -8 -198.901932 -0.997563 0 0.069756 0 1 0 -0.069756 0 -0.997563 2430.dat
1 25 -260.447174 -8 -224.433716 0.997564 0 -0.069756 0 1 0 0.069756 0 0.997563 3020.dat
1 4 -303.140015 -8 -187.321442 -0.069756 0 -0.997563 0 1 -0 0.997564 -0 -0.069756 2429.dat
1 4 -303.140015 -8 -187.321442 0.258819 0 -0.965925 0 1 0 0.965925 0 0.258819 2430.dat
1 14 -284.469299 0 -119.563492 0.258819 0 -0.965925 0 1 0 0.965925 0 0.258819 47397.dat
1 14 -276.071869 0 -101.512604 0.559193 0 -0.829037 0 1 0 0.829037 0 0.559192 47398.dat
1 4 -171.176651 -8 -160.159805 0.829037 0 0.559192 0 1 0 -0.559193 0 0.829037 2429.dat
1 4 -171.146378 -8 -160.281036 -0.965925 0 -0.258819 0 1 0 0.258819 0 -0.965925 2430.dat
1 25 -253.596832 -8 -158.893997 0.965925 0 0.258819 0 1 0 -0.258819 0 0.965925 3020.dat
1 4 -281.881104 -8 -109.904221 0.258819 -0 -0.965925 0 1 -0 0.965925 -0 0.258819 2429.dat
1 4 -281.881104 -8 -109.904221 0.559192 0 -0.829037 0 1 0 0.829037 0 0.559192 2430.dat
1 14 -243.044174 0 -52.085129 0.544639 0 -0.83867 0 1 0 0.83867 0 0.544639 47397.dat
1 14 -229.479706 0 -37.512665 0.78801 0 -0.615661 0 1 0 0.615661 0 0.78801 47398.dat
1 4 -147.841415 -8 -125.703888 0.615661 0 0.78801 0 1 0 -0.78801 0 0.615661 2429.dat
1 4 -147.850067 -8 -125.828506 -0.83867 0 -0.544639 0 1 0 0.544639 0 -0.83867 2430.dat
1 25 -225.836517 -8 -99.030792 0.83867 0 0.544639 0 1 0 -0.544639 0 0.83867 3020.dat
1 4 -237.597778 -8 -43.69841 0.544639 -0 -0.83867 0 1 -0 0.83867 -0 0.544639 2429.dat
1 4 -237.597778 -8 -43.69841 0.78801 0 -0.615661 0 1 0 0.615661 0 0.78801 2430.dat
1 14 -181.908936 0 -0.820816 0.78801 0 -0.615661 0 1 0 0.615661 0 0.78801 47397.dat
1 14 -164.339157 0 8.54155 0.945518 0 -0.325568 0 1 0 0.325568 0 0.945518 47398.dat
1 4 -115.860886 -8 -101.423706 0.325568 0 0.945518 0 1 0 -0.945518 0 0.325568 2429.dat
1 4 -115.909668 -8 -101.538727 -0.615661 0 -0.78801 0 1 0 0.78801 0 -0.615661 2430.dat
1 25 -180.922791 -8 -50.811089 0.615661 0 0.78801 0 1 0 -0.78801 0 0.615661 3020.dat
1 4 -174.028824 -8 5.335808 0.78801 -0 -0.615661 0 1 -0 0.615661 -0 0.78801 2429.dat
1 4 -174.028824 -8 5.335808 0.945518 0 -0.325568 0 1 0 0.325568 0 0.945518 2430.dat
1 14 -107.671509 0 27.968369 0.945518 0 -0.325568 0 1 0 0.325568 0 0.945518 47397.dat
1 14 -88.010864 0 30.100502 1 0 0 0 1 0 0 0 0.999999 47398.dat
1 4 -77.974945 -8 -89.656677 0 0 0.999999 0 1 0 -1 0 0 2429.dat
1 4 -78.058502 -8 -88.74955 -0.325568 0 -0.945518 0 1 0 0.945518 0 -0.325568 2430.dat
1 25 -123.014328 -8 -19.619415 0.325568 0 0.945518 0 1 0 -0.945518 0 0.325568 3020.dat
1 4 -98.216309 -8 31.22406 0.945518 -0 -0.325568 0 1 -0 0.325568 -0 0.945518 2429.dat
1 4 -98.216309 -8 30.22406 0.999999 0 -0 0 1 0 0 0 0.999999 2430.dat
1 14 -51.226822 -147.846512 -209.140228 -0.643093 -0.612372 0.459816 0.135476 0.5 0.855363 -0.753709 0.612372 -0.238584 47397.dat
1 14 -65.418839 -148.131851 -223.099289 -0.757758 -0.612372 0.225394 -0.150384 0.5 0.852868 -0.63497 0.612372 -0.470969 47398.dat
1 4 -95.117249 -255.778244 -177.968735 -0.225394 -0.612372 -0.757757 -0.852868 0.5 -0.150384 0.470969 0.612372 -0.63497 2429.dat
1 4 -95.074867 -255.844879 -177.871933 0.459816 -0.612372 0.643093 0.855363 0.5 -0.135476 -0.238584 0.612372 0.753708 2430.dat
1 4 -52.75877 -150.49176 -221.576279 -0.643093 -0.612372 0.459816 0.135476 0.5 0.855363 -0.753709 0.612372 -0.238584 2429.dat
1 4 -52.75877 -150.49176 -221.576279 -0.757758 -0.612372 0.225394 -0.150384 0.5 0.852868 -0.63497 0.612372 -0.470969 2430.dat
1 25 -92.214661 -190.812714 -228.11026 -0.225394 -0.612372 -0.757758 -0.852868 0.5 -0.150384 0.470969 0.612372 -0.63497 3020.dat