0 untitled model
0 Name: 
0 Author: BrickCamp (by Tobias Buckdahn)
1 25 -159.211945 35.187378 -30.096664 0.707107 0 -0.707107 0 1 0 0.707107 0 0.707107 3961.dat
1 125 -152.140869 27.187408 -37.167717 0.707107 0 -0.707107 0 1 0 0.707107 0 0.707107 44302.dat
1 125 -166.283005 43.187408 -23.025604 -0.707107 0 0.707107 0 1 0 -0.707107 0 -0.707107 44301.dat
1 125 -166.283005 27.187408 -23.025581 0.707107 0 -0.707107 0 1 0 0.707107 0 0.707107 44302.dat
1 125 -152.140869 43.187408 -37.16774 -0.707107 0 0.707107 0 1 0 -0.707107 0 -0.707107 44301.dat
1 14 -115.449478 30.485992 13.665794 0.664463 -0.241845 -0.707107 0.34202 0.939692 0 0.664463 -0.241845 0.707107 3961.dat
1 125 -106.443657 22.968475 8.529495 0.664463 -0.241845 -0.707107 0.34202 0.939692 0 0.664463 -0.241845 0.707107 44302.dat
1 125 -124.455307 38.003525 18.802116 -0.664463 -0.241845 0.707107 -0.34202 0.939692 0 -0.664463 -0.241845 -0.707107 44301.dat
1 125 -120.585793 22.96846 22.671623 0.664463 -0.241845 -0.707107 0.34202 0.939692 0 0.664463 -0.241845 0.707107 44302.dat
1 125 -110.313171 38.00354 4.659973 -0.664463 -0.241845 0.707107 -0.34202 0.939692 0 -0.664463 -0.241845 -0.707107 44301.dat
1 46 -127 180 0 1 0 0 0 1 0 -0 0 1 3961.dat
1 25 -127 132 -10 1 0 0 0 1 0 -0 0 1 44302.dat
1 25 -127 276 10 -1 0 0 0 1 0 0 0 -1 44301.dat
1 25 -127 132 10 1 0 0 0 1 0 -0 0 1 44302.dat
1 25 -127 276 -10 -1 0 0 0 1 0 0 0 -1 44301.dat
1 25 -73.048462 47.505951 56.066818 0.541675 -0.454519 -0.707107 0.642788 0.766044 0 0.541675 -0.454519 0.707107 3961.dat
1 125 -62.341225 41.377594 52.631916 0.541675 -0.454519 -0.707107 0.642788 0.766044 0 0.541675 -0.454519 0.707107 44302.dat
1 125 -83.755676 53.634338 59.50172 -0.541675 -0.454519 0.707107 -0.642788 0.766044 0 -0.541675 -0.454519 -0.707107 44301.dat
1 125 -76.48336 41.377594 66.774055 0.541675 -0.454519 -0.707107 0.642788 0.766044 0 0.541675 -0.454519 0.707107 44302.dat
1 125 -69.613541 53.634338 45.359585 -0.541675 -0.454519 0.707107 -0.642788 0.766044 0 -0.541675 -0.454519 -0.707107 44301.dat
1 14 -37.387573 83.686249 91.727699 0.353553 -0.612372 -0.707107 0.866025 0.5 0 0.353553 -0.612372 0.707107 3961.dat
1 125 -25.417534 79.686234 89.555611 0.353553 -0.612372 -0.707107 0.866025 0.5 0 0.353553 -0.612372 0.707107 44302.dat
1 125 -49.35762 87.686264 93.899773 -0.353553 -0.612372 0.707107 -0.866025 0.5 0 -0.353553 -0.612372 -0.707107 44301.dat
1 125 -39.559669 79.686218 103.697731 0.353553 -0.612372 -0.707107 0.866025 0.5 0 0.353553 -0.612372 0.707107 44302.dat
1 125 -35.215485 87.686264 79.757637 -0.353553 -0.612372 0.707107 -0.866025 0.5 0 -0.353553 -0.612372 -0.707107 44301.dat
1 25 -12.67881 135.542969 116.436462 0.122788 -0.696364 -0.707107 0.984808 0.173648 0 0.122788 -0.696364 0.707107 3961.dat
1 125 -0.036835 134.153793 114.936317 0.122788 -0.696364 -0.707107 0.984808 0.173648 0 0.122788 -0.696364 0.707107 44302.dat
1 125 -25.320793 136.932129 117.936615 -0.122788 -0.696364 0.707107 -0.984807 0.173648 0 -0.122788 -0.696364 -0.707107 44301.dat
1 125 -14.178963 134.153793 129.07843 0.122788 -0.696364 -0.707107 0.984808 0.173648 0 0.122788 -0.696364 0.707107 44302.dat
1 125 -11.178658 136.932129 103.794479 -0.122788 -0.696364 0.707107 -0.984807 0.173648 0 -0.122788 -0.696364 -0.707107 44301.dat
1 14 -1.805656 195.675781 127.309624 -0.122788 -0.696364 -0.707107 0.984808 -0.173648 0 -0.122788 -0.696364 0.707107 3961.dat
1 125 10.836334 197.064972 125.809464 -0.122788 -0.696364 -0.707107 0.984808 -0.173648 0 -0.122788 -0.696364 0.707107 44302.dat
1 125 -14.447624 194.286621 128.809784 0.122788 -0.696364 0.707107 -0.984808 -0.173648 0 0.122788 -0.696364 -0.707107 44301.dat
1 125 -3.305809 197.064972 139.951569 -0.122788 -0.696364 -0.707107 0.984808 -0.173648 0 -0.122788 -0.696364 0.707107 44302.dat
1 125 -0.305481 194.286621 114.667648 0.122788 -0.696364 0.707107 -0.984808 -0.173648 0 0.122788 -0.696364 -0.707107 44301.dat
1 25 -6.294876 257.684387 122.820412 -0.353553 -0.612372 -0.707107 0.866025 -0.5 0 -0.353553 -0.612372 0.707107 3961.dat
1 125 5.675171 261.684387 120.648308 -0.353553 -0.612372 -0.707107 0.866025 -0.5 0 -0.353553 -0.612372 0.707107 44302.dat
1 125 -18.264915 253.684402 124.992485 0.353553 -0.612372 0.707107 -0.866025 -0.5 0 0.353553 -0.612372 -0.707107 44301.dat
1 125 -8.466965 261.684387 134.790405 -0.353553 -0.612372 -0.707107 0.866025 -0.5 0 -0.353553 -0.612372 0.707107 44302.dat
1 125 -4.12278 253.684402 110.850349 0.353553 -0.612372 0.707107 -0.866025 -0.5 0 0.353553 -0.612372 -0.707107 44301.dat
1 14 -25.297081 313.632935 103.818176 -0.541675 -0.454519 -0.707107 0.642788 -0.766044 0 -0.541675 -0.454519 0.707107 3961.dat
1 125 -14.589851 319.761292 100.383286 -0.541675 -0.454519 -0.707107 0.642788 -0.766044 0 -0.541675 -0.454519 0.707107 44302.dat
1 125 -36.004326 307.504578 107.253059 0.541675 -0.454519 0.707107 -0.642787 -0.766044 0 0.541675 -0.454519 -0.707107 44301.dat
1 125 -28.731987 319.761292 114.525421 -0.541675 -0.454519 -0.707107 0.642788 -0.766044 0 -0.541675 -0.454519 0.707107 44302.dat
1 125 -21.86219 307.504578 93.110924 0.541675 -0.454519 0.707107 -0.642787 -0.766044 0 0.541675 -0.454519 -0.707107 44301.dat
1 25 -56.936722 357.943176 72.178558 -0.664463 -0.241845 -0.707107 0.34202 -0.939692 0 -0.664463 -0.241845 0.707107 3961.dat
1 125 -47.930916 365.460754 67.042221 -0.664463 -0.241845 -0.707107 0.34202 -0.939692 0 -0.664463 -0.241845 0.707107 44302.dat
1 125 -65.942558 350.425659 77.314842 0.664463 -0.241845 0.707107 -0.34202 -0.939692 0 0.664463 -0.241845 -0.707107 44301.dat
1 125 -62.073051 365.460754 81.184357 -0.664463 -0.241845 -0.707107 0.34202 -0.939692 0 -0.664463 -0.241845 0.707107 44302.dat
1 125 -51.800423 350.425659 63.172707 0.664463 -0.241845 0.707107 -0.34202 -0.939692 0 0.664463 -0.241845 -0.707107 44301.dat
1 14 -96.922981 383.528503 32.192291 -0.707107 0 -0.707107 0 -1 0 -0.707107 0 0.707107 3961.dat
1 125 -89.851906 391.528503 25.121223 -0.707107 0 -0.707107 0 -1 0 -0.707107 0 0.707107 44302.dat
1 125 -103.994057 375.528564 39.26334 0.707107 0 0.707107 0 -1 0 0.707107 0 -0.707107 44301.dat
1 125 -103.994041 391.528503 39.263359 -0.707107 0 -0.707107 0 -1 0 -0.707107 0 0.707107 44302.dat
1 125 -89.851921 375.528564 25.121201 0.707107 0 0.707107 0 -1 0 0.707107 0 -0.707107 44301.dat
1 25 -140.883102 388.043976 -11.767807 -0.664463 0.241845 -0.707107 -0.34202 -0.939693 0 -0.664463 0.241845 0.707107 3961.dat
1 125 -135.746796 395.561462 -20.773674 -0.664463 0.241845 -0.707107 -0.34202 -0.939693 0 -0.664463 0.241845 0.707107 44302.dat
1 125 -146.019424 380.526428 -2.761993 0.664463 0.241845 0.707107 0.34202 -0.939693 0 0.664463 0.241845 -0.707107 44301.dat
1 125 -149.888931 395.561462 -6.631538 -0.664463 0.241845 -0.707107 -0.34202 -0.939693 0 -0.664463 0.241845 0.707107 44302.dat
1 125 -131.877289 380.526428 -16.904129 0.664463 0.241845 0.707107 0.34202 -0.939693 0 0.664463 0.241845 -0.707107 44301.dat
1 14 -183.143372 371.294373 -54.028099 -0.541675 0.454519 -0.707107 -0.642788 -0.766044 0 -0.541675 0.454519 0.707107 3961.dat
1 125 -179.708435 377.422729 -64.735283 -0.541675 0.454519 -0.707107 -0.642788 -0.766044 0 -0.541675 0.454519 0.707107 44302.dat
1 125 -186.578293 365.166046 -43.320877 0.541675 0.454519 0.707107 0.642787 -0.766044 0 0.541675 0.454519 -0.707107 44301.dat
1 125 -193.850571 377.422729 -50.593147 -0.541675 0.454519 -0.707107 -0.642788 -0.766044 0 -0.541675 0.454519 0.707107 44302.dat
1 125 -172.436157 365.166046 -57.463013 0.541675 0.454519 0.707107 0.642787 -0.766044 0 0.541675 0.454519 -0.707107 44301.dat
1 25 -254.70816 222.230347 -125.59288 0.122788 0.696364 -0.707107 -0.984808 0.173648 0 0.122788 0.696364 0.707107 3961.dat
1 125 -253.208038 220.841202 -138.234863 0.122788 0.696364 -0.707107 -0.984808 0.173648 0 0.122788 0.696364 0.707107 44302.dat
1 125 -256.208344 223.619568 -112.950905 -0.122788 0.696364 0.707107 0.984807 0.173648 0 -0.122788 0.696364 -0.707107 44301.dat
1 125 -267.350159 220.841202 -124.092735 0.122788 0.696364 -0.707107 -0.984808 0.173648 0 0.122788 0.696364 0.707107 44302.dat
1 125 -242.066193 223.619553 -127.09304 -0.122788 0.696364 0.707107 0.984807 0.173648 0 -0.122788 0.696364 -0.707107 44301.dat
1 14 -250.382797 160.464752 -121.267509 0.353553 0.612372 -0.707107 -0.866025 0.5 0 0.353553 0.612372 0.707107 3961.dat
1 125 -248.210724 156.464767 -133.237549 0.353553 0.612372 -0.707107 -0.866025 0.5 0 0.353553 0.612372 0.707107 44302.dat
1 125 -252.554901 164.464737 -109.297462 -0.353553 0.612372 0.707107 0.866025 0.5 0 -0.353553 0.612372 -0.707107 44301.dat
1 125 -262.352844 156.464752 -119.095413 0.353553 0.612372 -0.707107 -0.866025 0.5 0 0.353553 0.612372 0.707107 44302.dat
1 125 -238.41275 164.464737 -123.439598 -0.353553 0.612372 0.707107 0.866025 0.5 0 -0.353553 0.612372 -0.707107 44301.dat
1 25 -231.167847 104.367157 -102.052559 0.541675 0.454519 -0.707107 -0.642788 0.766044 0 0.541675 0.454519 0.707107 3961.dat
1 125 -227.732941 98.238777 -112.759781 0.541675 0.454519 -0.707107 -0.642788 0.766044 0 0.541675 0.454519 0.707107 44302.dat
1 125 -234.602753 110.495491 -91.345322 -0.541675 0.454519 0.707107 0.642787 0.766044 0 -0.541675 0.454519 -0.707107 44301.dat
1 125 -241.875061 98.238777 -98.617645 0.541675 0.454519 -0.707107 -0.642788 0.766044 0 0.541675 0.454519 0.707107 44302.dat
1 125 -220.460617 110.495491 -105.487457 -0.541675 0.454519 0.707107 0.642787 0.766044 0 -0.541675 0.454519 -0.707107 44301.dat
1 14 -199.780746 60.983841 -70.665459 0.664463 0.241845 -0.707107 -0.34202 0.939693 0 0.664463 0.241845 0.707107 3961.dat
1 125 -194.644409 53.466324 -79.671272 0.664463 0.241845 -0.707107 -0.34202 0.939693 0 0.664463 0.241845 0.707107 44302.dat
1 125 -204.917023 68.501419 -61.659603 -0.664463 0.241845 0.707107 0.34202 0.939693 0 -0.664463 0.241845 -0.707107 44301.dat
1 125 -208.78656 53.466324 -65.529137 0.664463 0.241845 -0.707107 -0.34202 0.939693 0 0.664463 0.241845 0.707107 44302.dat
1 125 -190.774887 68.501434 -75.801735 -0.664463 0.241845 0.707107 0.34202 0.939693 0 -0.664463 0.241845 -0.707107 44301.dat
1 25 -219.830902 335.841248 -90.715607 -0.353553 0.612372 -0.707107 -0.866025 -0.5 0 -0.353553 0.612372 0.707107 3961.dat
1 125 -217.658813 339.841309 -102.685692 -0.353553 0.612372 -0.707107 -0.866025 -0.5 0 -0.353553 0.612372 0.707107 44302.dat
1 125 -222.003021 331.841339 -78.745613 0.353553 0.612372 0.707107 0.866025 -0.5 0 0.353553 0.612372 -0.707107 44301.dat
1 125 -231.800964 339.841309 -88.543556 -0.353553 0.612372 -0.707107 -0.866025 -0.5 0 -0.353553 0.612372 0.707107 44302.dat
1 125 -207.86087 331.841339 -92.887749 0.353553 0.612372 0.707107 0.866025 -0.5 0 0.353553 0.612372 -0.707107 44301.dat
1 14 -244.707382 285.618439 -115.592094 -0.122788 0.696364 -0.707107 -0.984808 -0.173648 0 -0.122788 0.696364 0.707107 3961.dat
1 125 -243.207245 287.007629 -128.234131 -0.122788 0.696364 -0.707107 -0.984808 -0.173648 0 -0.122788 0.696364 0.707107 44302.dat
1 125 -246.207565 284.229309 -102.950142 0.122788 0.696364 0.707107 0.984808 -0.173648 0 0.122788 0.696364 -0.707107 44301.dat
1 125 -257.349365 287.007629 -114.091949 -0.122788 0.696364 -0.707107 -0.984808 -0.173648 0 -0.122788 0.696364 0.707107 44302.dat
1 125 -232.06543 284.229309 -117.092278 0.122788 0.696364 0.707107 0.984808 -0.173648 0 0.122788 0.696364 -0.707107 44301.dat