0 Untitled
0 Name: model.ldr
0 Author: BrickCamp (by Tobias Buckdahn)
0 Unofficial Model
0 ROTATION CENTER 0 0 0 1 "Custom" 
0 ROTATION CONFIG 0 0
1 7 -99.635 -2.48 -47.997 -0.258819 0.25 -0.933013 0 0.965926 0.258819 0.965925 0.0669873 -0.25 63082.dat
1 0 -101.637 -10.206 -48.533 -0.933013 0.25 0.258819 0.258819 0.965926 0 -0.25 0.0669873 -0.965925 3731.dat
1 14 -103.636 -17.934 -49.071 -0.933013 0.25 0.258819 0.258819 0.965926 0 -0.25 0.0669873 -0.965925 3022.dat
1 25 -110.811 -25.661 -30.286 0.258819 0.25 0.933013 0 0.965926 -0.258819 -0.965925 0.0669873 0.25 3020.dat
1 7 3.81 -4.811 47.093 0 0 1 -1 0 0 0 -1 0 63082.dat
1 0 3.81 -4.811 55.093 1 0 0 0 0 1 0 -1 0 3731.dat
1 14 3.81 -4.811 63.093 1 0 0 0 0 1 0 -1 0 3022.dat
1 25 3.809 -24.812 71.093 0 0 -1 1 0 0 0 -1 0 3020.dat
1 7 -80.488 -2.41 -1.454 0.258819 -0.25 0.933013 0 0.965926 0.258819 -0.965925 -0.0669873 0.25 63082.dat
1 0 -78.488 -10.134 -0.918 0.933013 -0.25 -0.258819 0.258819 0.965926 0 0.25 -0.0669873 0.965925 3731.dat
1 14 -76.488 -17.865 -0.382 0.933013 -0.25 -0.258819 0.258819 0.965926 0 0.25 -0.0669873 0.965925 3022.dat
1 25 -69.312 -25.59 -19.166 -0.258819 -0.25 -0.933013 0 0.965926 -0.258819 0.965925 -0.0669873 -0.25 3020.dat
0
