0 untitled model
0 Name: 
0 Author: BrickCamp (by Tobias Buckdahn)
1 14 -1.26318 -5.761405 -23.717339 -0.853553 0.499096 0.149499 0.5 0.865349 -0.034217 -0.146447 0.045543 -0.988169 3937.dat
1 4 -1.315651 -4.258449 -18.280056 0.853553 0.5 0.146447 -0.5 0.707107 0.5 0.146447 -0.5 0.853553 6134.dat
1 25 8.67552 -4.288576 -8.331491 0.146447 0.5 -0.853553 0.5 0.707107 0.5 0.853553 -0.5 -0.146447 85984.dat
1 14 -20.395554 -11.25913 0.73958 0.146447 0.5 -0.853553 0.5 0.707107 0.5 0.853553 -0.5 -0.146447 3937.dat
1 4 -15.190002 -12.807662 0.753557 -0.146447 -0.02829 0.988814 -0.5 0.86462 -0.049314 -0.853553 -0.501629 -0.140766 6134.dat
1 25 -3.837395 -8.30081 7.881434 -0.988814 -0.02829 -0.146447 0.049314 0.86462 -0.5 0.140766 -0.501629 -0.853553 85984.dat
1 14 -6.021652 -39.437084 2.729609 -0.988549 -0.024433 -0.148907 0.051436 0.873146 -0.484737 0.141861 -0.486846 -0.861891 3937.dat
1 4 -5.249939 -35.474937 6.670609 0.988549 -0.101592 0.111577 -0.051436 0.468275 0.882084 -0.141861 -0.877723 0.457687 6134.dat
1 25 5.744598 -27.2216 9.801292 0.111577 -0.101592 -0.988549 0.882084 0.468275 0.051436 0.457687 -0.877723 0.141861 85984.dat
1 14 -11.588181 -37.431484 33.703873 0.111577 -0.101592 -0.988549 0.882084 0.468275 0.051436 0.457687 -0.877723 0.141861 3937.dat
1 4 -6.580891 -36.997166 31.646133 -0.111577 -0.610006 0.784502 -0.882084 0.424377 0.204528 -0.457687 -0.669176 -0.585428 6134.dat
1 25 2.379896 -26.131044 30.368727 -0.784502 -0.610006 -0.111577 -0.204528 0.424377 -0.882084 0.585428 -0.669176 -0.457687 85984.dat
1 14 14.965719 -54.472649 37.028572 -0.784724 -0.608151 -0.119834 -0.206329 0.438589 -0.874682 0.584497 -0.661658 -0.46965 3937.dat
1 4 14.691061 -49.053627 38.572762 0.784724 -0.575305 -0.230722 0.206329 -0.108554 0.972442 -0.584497 -0.810703 0.033517 6134.dat
1 25 20.244987 -37.324505 33.060951 -0.230722 -0.575305 -0.784724 0.972442 -0.108554 -0.206329 0.033517 -0.810703 0.584497 85984.dat
1 14 18.357841 -38.845791 64.207756 -0.230722 -0.575305 -0.784724 0.972442 -0.108554 -0.206329 0.033517 -0.810703 0.584497 3937.dat
1 4 21.590292 -37.93177 59.940258 0.230722 -0.903727 0.360618 -0.972442 -0.201397 0.117452 -0.033517 -0.377779 -0.925289 6134.dat
1 25 22.889256 -27.032824 51.022549 -0.360618 -0.903727 0.230722 -0.117452 -0.201397 -0.972442 0.925289 -0.377779 -0.033517 85984.dat
1 14 49.543823 -41.858437 59.419895 -0.362241 -0.90714 0.214191 -0.115731 -0.184247 -0.976043 0.924872 -0.378351 -0.038242 3937.dat
1 4 46.999596 -36.836765 59.051777 0.362241 -0.644135 -0.6737 0.115731 -0.686114 0.71823 -0.924872 -0.33814 -0.173993 6134.dat
1 25 43.925606 -28.540424 48.073616 -0.6737 -0.644135 -0.362241 0.71823 -0.686114 -0.115731 -0.173993 -0.33814 0.924872 85984.dat
1 14 52.140011 -14.388315 74.686401 -0.6737 -0.644135 -0.362241 0.71823 -0.686114 -0.115731 -0.173993 -0.33814 0.924872 3937.dat
1 4 53.064026 -14.81398 69.351532 0.6737 -0.738216 -0.034142 -0.71823 -0.643185 -0.26544 0.173993 0.203348 -0.963523 6134.dat
1 25 45.985603 -10.286077 57.976383 0.034142 -0.738216 0.6737 0.26544 -0.643185 -0.71823 0.963523 0.203348 0.173993 85984.dat
1 14 77.550201 -9.401172 56.952568 0.035521 -0.749021 0.661594 0.263978 -0.631467 -0.729085 0.963874 0.200544 0.175295 3937.dat
1 4 72.816238 -6.401717 56.30555 -0.03552 -0.267852 -0.962805 -0.263978 -0.926681 0.267541 -0.963874 0.263663 -0.037791 6134.dat
1 25 62.891003 -6.38221 46.291176 -0.962805 -0.267852 0.03552 0.267541 -0.926681 0.263978 -0.037791 0.263663 0.963874 85984.dat
1 14 70.029854 21.137691 59.240765 -0.962805 -0.267852 0.03552 0.267541 -0.926681 0.263978 -0.037791 0.263663 0.963874 3937.dat
1 4 69.442459 18.369076 54.605499 0.962805 -0.208328 -0.172063 -0.267541 -0.645983 -0.714932 0.037791 0.734374 -0.677692 6134.dat
1 25 58.093781 13.895163 47.450684 0.172063 -0.208328 0.962805 0.714932 -0.645983 -0.267541 0.677692 0.734374 0.037791 85984.dat
1 14 82.664459 24.077108 30.322037 0.169837 -0.225319 0.959368 0.714649 -0.642155 -0.277332 0.678551 0.732713 0.051963 3937.dat
1 4 77.110001 24.606264 31.154968 -0.169837 0.33354 -0.927311 -0.714649 -0.689603 -0.117152 -0.678551 0.642806 0.355484 6134.dat
1 25 66.194389 16.295307 27.902885 -0.927311 0.33354 0.169837 -0.117152 -0.689603 0.714649 0.355484 0.642806 0.678551 85984.dat
1 14 61.586159 47.138756 26.046579 -0.927311 0.33354 0.169837 -0.117152 -0.689603 0.714649 0.355484 0.642806 0.678551 3937.dat
1 4 61.200283 42.373672 23.469589 0.927311 0.372859 0.032719 0.117152 -0.20611 -0.971491 -0.355484 0.904708 -0.234809 6134.dat
1 25 52.254353 31.487244 24.67635 -0.032719 0.372858 0.927311 0.971491 -0.20611 0.117152 0.234809 0.904707 -0.355484 85984.dat
1 14 62.305054 38.701309 -4.52886 -0.03083 0.357801 0.933289 0.971729 -0.20794 0.111819 0.234077 0.910351 -0.341274 3937.dat
1 4 57.779793 37.777393 -1.289389 0.03083 0.808383 -0.587849 -0.971729 -0.113492 -0.207032 -0.234078 0.577613 0.78203 6134.dat
1 25 52.245018 26.002256 4.143003 -0.587849 0.808383 -0.03083 -0.207032 -0.113492 0.971729 0.78203 0.577613 0.234078 85984.dat
1 14 32.227245 48.160648 -5.038162 -0.587849 0.808383 -0.03083 -0.207032 -0.113492 0.971729 0.78203 0.577613 0.234078 3937.dat
1 4 33.601387 42.918362 -5.393042 0.587849 0.66921 0.454523 0.207032 0.418691 -0.884215 -0.78203 0.613886 0.107579 6134.dat
1 25 32.268112 32.005898 3.503044 -0.454523 0.66921 0.587849 0.884215 0.418691 0.207032 -0.107579 0.613886 -0.78203 85984.dat
1 14 27.993662 25.952757 -27.251934 -0.454863 0.659448 0.598521 0.884326 0.413854 0.216085 -0.105204 0.627577 -0.771414 3937.dat
1 4 25.746058 25.408815 -22.106236 0.454863 0.879038 -0.1428 -0.884326 0.464776 0.044177 0.105204 0.106188 0.988765 6134.dat
1 25 28.875271 17.004665 -11.226128 -0.142801 0.879038 -0.454863 0.044177 0.464776 0.884326 0.988765 0.106188 -0.105204 85984.dat
1 14 -1.318882 23.53656 -15.878708 -0.142801 0.879038 -0.454863 0.044177 0.464776 0.884326 0.988765 0.106188 -0.105204 3937.dat
1 4 2.374538 19.618336 -15.170235 0.1428 0.504426 0.851565 -0.044177 0.862774 -0.503657 -0.988765 0.034303 0.145489 6134.dat
1 25 9.462191 15.023548 -3.827696 -0.851565 0.504426 0.1428 0.503657 0.862773 -0.044177 -0.145489 0.034303 -0.988765 85984.dat
1 14 140 25.682129 94.675446 -1 -0 -0 -0 0.83867 0.544639 -0 0.544639 -0.83867 3937.dat
1 4 140 24 100.060257 1 0 0 0 1 0 0 0 1 6134.dat
1 25 150 24 110 0 0 -1 0 1 0 1 0 0 85984.dat
1 14 130 -56 110 0 0 -1 0 1 0 1 0 0 3937.dat
1 4 135.219513 -54.499191 110 0 -0.529919 0.848048 0 0.848048 0.529919 -1 0 0 6134.dat
1 25 143.699997 -49.199997 120 -0.848048 -0.529919 0 -0.529919 0.848048 0 0 0 -1 85984.dat