0 untitled model
0 Name: 
0 Author: BrickCamp (by Tobias Buckdahn)
1 14 -84.006485 38.549862 -3.143044 -0 -1 0 1 -0 0 0 0 1 32192.dat
1 25 -42.006485 38.549862 38.856956 -0 -0.707107 0.707107 1 -0 0 0 0.707107 0.707107 32192.dat
1 14 18.079315 38.549862 38.496582 -0 0 1 1 0 0 0 1 -0 32192.dat
1 25 60.079315 38.549862 -3.503421 -0 0.707107 0.707107 1 0 0 0 0.707107 -0.707107 32192.dat
1 14 59.893555 38.549862 -63.735336 -0 1 -0 1 0 -0 0 -0 -1 32192.dat
1 25 17.893562 38.549862 -105.735336 -0 0.707107 -0.707107 1 0 -0 0 -0.707107 -0.707107 32192.dat
1 14 -42.19223 38.549862 -105.374962 -0 0 -1 1 0 -0 0 -1 -0 32192.dat
1 25 -84.19223 38.549862 -63.374969 -0 -0.707107 -0.707107 1 -0 -0 0 -0.707107 0.707107 32192.dat
1 4 -8 40 -40 -0 0.707107 -0.707107 0.707107 -0.5 -0.5 -0.707107 -0.5 -0.5 32192.dat