0 untitled model
0 Name: 
0 Author: BrickCamp (by Tobias Buckdahn)
1 14 8.042343 -8 6.140419 -0.707107 0 -0.707107 0 1 0 0.707107 0 -0.707107 60470.dat
1 14 -6.099793 -8 -8.001717 0.707107 0 0.707107 0 1 0 -0.707107 0 0.707107 48336.dat
1 25 0.971275 0 -0.930649 0.707107 0 0.707107 0 1 0 -0.707107 0 0.707107 3022.dat
1 25 0.971275 -16 -0.930649 0.707107 0 0.707107 0 1 0 -0.707107 0 0.707107 3022.dat
1 4 0.971275 -24 -0.930649 0.707107 0 0.707107 0 1 0 -0.707107 0 0.707107 3022.dat
1 14 35.076481 -41.526279 33.174557 -0.707107 0.612372 -0.353553 0 0.5 0.866025 0.707107 0.612372 -0.353553 60470.dat
1 14 28.005417 -24.205772 26.103493 0.707107 0.612372 0.353553 0 0.5 -0.866025 -0.707107 0.612372 0.353553 48336.dat
1 25 36.43993 -28.866026 34.538006 0.707107 0.612372 0.353553 0 0.5 -0.866025 -0.707107 0.612372 0.353553 3022.dat
1 25 26.641972 -36.866024 24.740047 0.707107 0.612372 0.353553 0 0.5 -0.866025 -0.707107 0.612372 0.353553 3022.dat
1 4 21.74299 -40.866024 19.841066 0.707107 0.612372 0.353553 0 0.5 -0.866025 -0.707107 0.612372 0.353553 3022.dat
1 14 28.084612 -91.790901 26.182688 -0.707107 0.612372 0.353553 0 -0.5 0.866025 0.707107 0.612372 0.353553 60470.dat
1 14 35.155678 -74.470398 33.253754 0.707107 0.612372 -0.353553 0 -0.5 -0.866025 -0.707107 0.612372 -0.353553 48336.dat
1 25 36.519127 -87.130653 34.617203 0.707107 0.612372 -0.353553 0 -0.5 -0.866025 -0.707107 0.612372 -0.353553 3022.dat
1 25 26.721167 -79.130653 24.819242 0.707107 0.612372 -0.353553 0 -0.5 -0.866025 -0.707107 0.612372 -0.353553 3022.dat
1 4 21.822189 -75.130653 19.920265 0.707107 0.612372 -0.353553 0 -0.5 -0.866025 -0.707107 0.612372 -0.353553 3022.dat
1 14 -5.963025 -108.13768 -7.864949 -0.707107 -0 0.707107 0 -1 -0 0.707107 -0 0.707107 60470.dat
1 14 8.179108 -108.137688 6.277184 0.707107 -0 -0.707107 0 -1 0 -0.707107 -0 -0.707107 48336.dat
1 25 1.108039 -116.13768 -0.793885 0.707107 -0 -0.707107 0 -1 0 -0.707107 -0 -0.707107 3022.dat
1 25 1.108042 -100.137688 -0.793882 0.707107 -0 -0.707107 0 -1 0 -0.707107 -0 -0.707107 3022.dat
1 4 1.108042 -92.137688 -0.793882 0.707107 -0 -0.707107 0 -1 0 -0.707107 -0 -0.707107 3022.dat
1 14 -33.272633 -74.738342 -35.174557 -0.707107 -0.612372 0.353553 0 -0.5 -0.866025 0.707107 -0.612372 0.353553 60470.dat
1 14 -26.201567 -92.058846 -28.103491 0.707107 -0.612372 -0.353553 0 -0.5 0.866025 -0.707107 -0.612372 -0.353553 48336.dat
1 25 -34.636078 -87.39859 -36.538002 0.707107 -0.612372 -0.353553 0 -0.5 0.866025 -0.707107 -0.612372 -0.353553 3022.dat
1 25 -24.838123 -79.39859 -26.740047 0.707107 -0.612372 -0.353553 0 -0.5 0.866025 -0.707107 -0.612372 -0.353553 3022.dat
1 4 -19.93914 -75.39859 -21.841064 0.707107 -0.612372 -0.353553 0 -0.5 0.866025 -0.707107 -0.612372 -0.353553 3022.dat
1 14 -26.280767 -24.473717 -28.182692 -0.707107 -0.612372 -0.353553 0 0.5 -0.866025 0.707107 -0.612372 -0.353553 60470.dat
1 14 -33.35183 -41.79422 -35.253754 0.707107 -0.612372 0.353553 0 0.5 0.866025 -0.707107 -0.612372 0.353553 48336.dat
1 25 -34.715279 -29.133965 -36.617203 0.707107 -0.612372 0.353553 0 0.5 0.866025 -0.707107 -0.612372 0.353553 3022.dat
1 25 -24.917318 -37.133965 -26.819242 0.707107 -0.612372 0.353553 0 0.5 0.866025 -0.707107 -0.612372 0.353553 3022.dat
1 4 -20.018341 -41.133965 -21.920265 0.707107 -0.612372 0.353553 0 0.5 0.866025 -0.707107 -0.612372 0.353553 3022.dat
1 14 -59 0 -101 0 0 -1 0 1 0 1 0 0 60470.dat
1 14 -79 0 -101 0 0 1 0 1 0 -1 0 0 48336.dat
1 25 -69 8 -101 0 0 1 0 1 0 -1 0 0 3022.dat
1 25 -69 -8 -101 0 0 1 0 1 0 -1 0 0 3022.dat
1 4 -69 -16 -101 0 0 1 0 1 0 -1 0 0 3022.dat
1 14 -59 -96 -101 0 0 -1 0 1 0 1 0 0 60470.dat
1 14 -79 -96 -101 0 0 1 0 1 0 -1 0 0 48336.dat
1 25 -69 -72 -101 0 0 1 0 1 0 -1 0 0 3022.dat
1 25 -69 -120 -101 0 0 1 0 1 0 -1 0 0 3022.dat
1 4 -69 -144 -101 0 0 1 0 1 0 -1 0 0 3022.dat