0 untitled model
0 Name: 
0 Author: BrickCamp (by Tobias Buckdahn)
1 14 17.956867 8 6.346767 -0.707107 0 -0.707107 0 1 0 0.707107 0 -0.707107 60470.dat
1 14 3.814733 8 -7.795367 0.707107 0 0.707107 0 1 0 -0.707107 0 0.707107 48336.dat
1 25 10.885799 16 -0.7243 0.707107 0 0.707107 0 1 0 -0.707107 0 0.707107 3022.dat
1 25 10.885801 0 -0.724299 0.707107 0 0.707107 0 1 0 -0.707107 0 0.707107 3022.dat
1 4 10.885799 24 -0.7243 0.707107 0 0.707107 0 1 0 -0.707107 0 0.707107 3003.dat
1 14 57.219883 28.375641 45.609783 -0.707107 -0.353553 -0.612372 0 0.866025 -0.5 0.707107 -0.353553 -0.612372 60470.dat
1 14 44.972427 18.375641 33.362328 0.707107 -0.353553 0.612372 0 0.866025 0.5 -0.707107 -0.353553 0.612372 48336.dat
1 25 48.267727 30.303848 36.657627 0.707107 -0.353553 0.612372 0 0.866025 0.5 -0.707107 -0.353553 0.612372 3022.dat
1 25 53.92458 16.447441 42.31448 0.707107 -0.353553 0.612372 0 0.866025 0.5 -0.707107 -0.353553 0.612372 3022.dat
1 4 45.439301 37.232048 33.829201 0.707107 -0.353553 0.612372 0 0.866025 0.5 -0.707107 -0.353553 0.612372 3003.dat
1 14 83.802338 73.580124 72.192238 -0.707107 -0.612372 -0.353553 0 0.5 -0.866025 0.707107 -0.612372 -0.353553 60470.dat
1 14 76.73127 56.259613 65.12117 0.707107 -0.612372 0.353553 0 0.5 0.866025 -0.707107 -0.612372 0.353553 48336.dat
1 25 75.367821 68.919868 63.757721 0.707107 -0.612372 0.353553 0 0.5 0.866025 -0.707107 -0.612372 0.353553 3022.dat
1 25 85.165787 60.919868 73.555687 0.707107 -0.612372 0.353553 0 0.5 0.866025 -0.707107 -0.612372 0.353553 3022.dat
1 4 70.468842 72.919868 58.858742 0.707107 -0.612372 0.353553 0 0.5 0.866025 -0.707107 -0.612372 0.353553 3003.dat
1 14 90.956352 131.855133 79.346252 -0.707107 -0.707107 0 0 -0 -1 0.707107 -0.707107 0 60470.dat
1 14 90.956352 111.855118 79.346252 0.707107 -0.707107 -0 0 -0 1 -0.707107 -0.707107 -0 48336.dat
1 25 85.2995 121.855118 73.6894 0.707107 -0.707107 -0 0 -0 1 -0.707107 -0.707107 -0 3022.dat
1 25 96.613205 121.855118 85.003105 0.707107 -0.707107 -0 0 -0 1 -0.707107 -0.707107 -0 3022.dat
1 4 79.642647 121.855118 68.032547 0.707107 -0.707107 -0 0 -0 1 -0.707107 -0.707107 -0 3003.dat
1 14 76.473236 187.910919 64.863136 -0.707107 -0.612372 0.353553 0 -0.5 -0.866025 0.707107 -0.612372 0.353553 60470.dat
1 14 83.544304 170.590408 71.934204 0.707107 -0.612372 -0.353553 0 -0.5 0.866025 -0.707107 -0.612372 -0.353553 48336.dat
1 25 75.109795 175.250656 63.499695 0.707107 -0.612372 -0.353553 0 -0.5 0.866025 -0.707107 -0.612372 -0.353553 3022.dat
1 25 84.907761 183.250656 73.297661 0.707107 -0.612372 -0.353553 0 -0.5 0.866025 -0.707107 -0.612372 -0.353553 3022.dat
1 4 70.210815 171.250656 58.600716 0.707107 -0.612372 -0.353553 0 -0.5 0.866025 -0.707107 -0.612372 -0.353553 3003.dat
1 14 44.364246 225.810272 32.754147 -0.707107 -0.353553 0.612372 0 -0.866025 -0.5 0.707107 -0.353553 0.612372 60470.dat
1 14 56.611702 215.810257 45.001602 0.707107 -0.353553 -0.612372 0 -0.866025 0.5 -0.707107 -0.353553 -0.612372 48336.dat
1 25 47.65955 213.88205 36.04945 0.707107 -0.353553 -0.612372 0 -0.866025 0.5 -0.707107 -0.353553 -0.612372 3022.dat
1 25 53.316402 227.738464 41.706303 0.707107 -0.353553 -0.612372 0 -0.866025 0.5 -0.707107 -0.353553 -0.612372 3022.dat
1 4 44.831123 206.953857 33.221024 0.707107 -0.353553 -0.612372 0 -0.866025 0.5 -0.707107 -0.353553 -0.612372 3003.dat
1 14 3.391043 235.76474 -8.219057 -0.707107 0 0.707107 0 -1 0 0.707107 0 0.707107 60470.dat
1 14 17.53318 235.76474 5.92308 0.707107 0 -0.707107 0 -1 -0 -0.707107 0 -0.707107 48336.dat
1 25 10.462115 227.76474 -1.147985 0.707107 0 -0.707107 0 -1 -0 -0.707107 0 -0.707107 3022.dat
1 25 10.46211 243.76474 -1.14799 0.707107 0 -0.707107 0 -1 -0 -0.707107 0 -0.707107 3022.dat
1 4 10.462112 219.76474 -1.147987 0.707107 0 -0.707107 -0 -1 -0 -0.707107 0 -0.707107 3003.dat
1 14 -35.871975 215.389084 -47.482075 -0.707107 0.353553 0.612372 0 -0.866025 0.5 0.707107 0.353553 0.612372 60470.dat
1 14 -23.624519 225.389099 -35.234619 0.707107 0.353553 -0.612372 0 -0.866025 -0.5 -0.707107 0.353553 -0.612372 48336.dat
1 25 -26.919815 213.460892 -38.529915 0.707107 0.353553 -0.612372 0 -0.866025 -0.5 -0.707107 0.353553 -0.612372 3022.dat
1 25 -32.576672 227.317291 -44.186771 0.707107 0.353553 -0.612372 0 -0.866025 -0.5 -0.707107 0.353553 -0.612372 3022.dat
1 4 -24.091389 206.532684 -35.701488 0.707107 0.353553 -0.612372 -0 -0.866025 -0.5 -0.707107 0.353553 -0.612372 3003.dat
1 14 -62.58213 169.871796 -74.19223 -0.707107 0.612372 0.353553 0 -0.5 0.866025 0.707107 0.612372 0.353553 60470.dat
1 14 -55.511063 187.192307 -67.121162 0.707107 0.612372 -0.353553 0 -0.5 -0.866025 -0.707107 0.612372 -0.353553 48336.dat
1 25 -54.147621 174.532043 -65.757721 0.707107 0.612372 -0.353553 0 -0.5 -0.866025 -0.707107 0.612372 -0.353553 3022.dat
1 25 -63.94558 182.532043 -75.555679 0.707107 0.612372 -0.353553 0 -0.5 -0.866025 -0.707107 0.612372 -0.353553 3022.dat
1 4 -49.248642 170.532043 -60.858742 0.707107 0.612372 -0.353553 -0 -0.5 -0.866025 -0.707107 0.612372 -0.353553 3003.dat
1 14 -69.736153 111.596794 -81.346252 -0.707107 0.707107 0 0 -0 1 0.707107 0.707107 0 60470.dat
1 14 -69.736153 131.596802 -81.346252 0.707107 0.707107 0 0 -0 -1 -0.707107 0.707107 0 48336.dat
1 25 -64.079308 121.596802 -75.689407 0.707107 0.707107 0 0 -0 -1 -0.707107 0.707107 0 3022.dat
1 25 -75.393005 121.596802 -87.003105 0.707107 0.707107 0 0 -0 -1 -0.707107 0.707107 0 3022.dat
1 4 -58.422447 121.596802 -70.032547 0.707107 0.707107 -0 -0 -0 -1 -0.707107 0.707107 0 3003.dat
1 14 -55.345406 56.437836 -66.955505 -0.707107 0.612372 -0.353553 0 0.5 0.866025 0.707107 0.612372 -0.353553 60470.dat
1 14 -62.416481 73.758339 -74.026581 0.707107 0.612372 0.353553 0 0.5 -0.866025 -0.707107 0.612372 0.353553 48336.dat
1 25 -53.981964 69.098091 -65.592064 0.707107 0.612372 0.353553 0 0.5 -0.866025 -0.707107 0.612372 0.353553 3022.dat
1 25 -63.779922 61.098083 -75.390022 0.707107 0.612372 0.353553 0 0.5 -0.866025 -0.707107 0.612372 0.353553 3022.dat
1 4 -49.082985 73.098083 -60.693085 0.707107 0.612372 0.353553 -0 0.5 -0.866025 -0.707107 0.612372 0.353553 3003.dat
1 14 -23.236412 18.538475 -34.846512 -0.707107 0.353553 -0.612372 0 0.866025 0.5 0.707107 0.353553 -0.612372 60470.dat
1 14 -35.483868 28.538483 -47.093967 0.707107 0.353553 0.612372 0 0.866025 -0.5 -0.707107 0.353553 0.612372 48336.dat
1 25 -26.531719 30.46669 -38.141819 0.707107 0.353553 0.612372 0 0.866025 -0.5 -0.707107 0.353553 0.612372 3022.dat
1 25 -32.188572 16.610283 -43.798672 0.707107 0.353553 0.612372 0 0.866025 -0.5 -0.707107 0.353553 0.612372 3022.dat
1 4 -23.703293 37.39489 -35.313393 0.707107 0.353553 0.612372 -0 0.866025 -0.5 -0.707107 0.353553 0.612372 3003.dat
1 14 -89 31.999996 -151 0 0 -1 0 1 0 1 0 0 60470.dat
1 14 -109 31.999996 -151 0 0 1 0 1 0 -1 0 0 48336.dat
1 25 -99 56 -151 0 0 1 0 1 0 -1 0 0 3022.dat
1 25 -99 8 -151 0 0 1 0 1 0 -1 0 0 3022.dat
1 4 -99 80 -151 0 0 1 0 1 0 -1 0 0 3003.dat
1 14 -89 200 -151 0 0 -1 0 1 0 1 0 0 60470.dat
1 14 -109 200 -151 0 0 1 0 1 0 -1 0 0 48336.dat
1 25 -99 208 -151 0 0 1 0 1 0 -1 0 0 3022.dat
1 25 -99 192 -151 0 0 1 0 1 0 -1 0 0 3022.dat
1 4 -99 216 -151 0 0 1 0 1 0 -1 0 0 3003.dat