0 untitled model
0 Name: 
0 Author: BrickCamp (by Tobias Buckdahn)
1 4 -20 -56 -20 0 0 1 0 1 0 -1 0 0 2540.dat
1 25 -18.796795 -65.141098 -20 0 -0.142318 0.989821 0 0.989821 0.142318 -1 0 0 2540.dat
1 4 -16.529974 -74.159698 -20 0 -0.281739 0.959491 0 0.959491 0.281739 -1 0 0 2540.dat
1 25 -12.800108 -82.591492 -20 0 -0.415424 0.909628 0 0.909628 0.415424 -1 0 0 2540.dat
1 4 -7.967211 -90.547798 -20 0 -0.540637 0.841256 0 0.841256 0.540637 -1 0 0 2540.dat
1 25 -2.012996 -97.587311 -20 0 -0.65486 0.755751 0 0.755751 0.65486 -1 0 0 2540.dat
1 4 4.769769 -103.94873 -20 0 -0.755751 0.654859 0 0.654859 0.755751 -1 0 0 2540.dat
1 25 12.466083 -109.025528 -20 0 -0.841256 0.540637 0 0.540637 0.841256 -1 0 0 2540.dat
1 4 21.043816 -113.116455 -20 0 -0.909635 0.415408 0 0.415408 0.909635 -1 0 0 2540.dat
1 25 29.858704 -115.81926 -20 0 -0.959496 0.281722 0 0.281722 0.959496 -1 0 0 2540.dat
1 4 39.00399 -117.503677 -20 0 -0.989823 0.142301 0 0.142301 0.989823 -1 0 0 2540.dat
1 25 48.588997 -117.697296 -20 0 -1 -0 0 -0 1 -1 0 0 2540.dat
1 4 57.730095 -116.494095 -20 0 -0.989821 -0.142318 0 -0.142318 0.989821 -1 0 0 2540.dat
1 25 66.748695 -114.227272 -20 0 -0.959491 -0.281739 0 -0.281739 0.959491 -1 0 0 2540.dat
1 4 75.180489 -110.497406 -20 0 -0.909628 -0.415424 0 -0.415424 0.909628 -1 0 0 2540.dat
1 25 83.136795 -105.664505 -20 0 -0.841256 -0.540637 0 -0.540637 0.841256 -1 0 0 2540.dat
1 4 90.176308 -99.710297 -20 0 -0.755751 -0.65486 0 -0.65486 0.755751 -1 0 0 2540.dat
1 25 96.537727 -92.927528 -20 0 -0.654859 -0.755751 0 -0.755751 0.654859 -1 0 0 2540.dat
1 4 101.614525 -85.231216 -20 0 -0.540637 -0.841256 0 -0.841256 0.540637 -1 0 0 2540.dat
1 25 105.705452 -76.653473 -20 0 -0.415408 -0.909635 0 -0.909635 0.415408 -1 0 0 2540.dat
1 4 108.408257 -67.838585 -20 0 -0.281722 -0.959496 0 -0.959496 0.281722 -1 0 0 2540.dat
1 25 110.092674 -58.693298 -20 0 -0.142301 -0.989823 0 -0.989823 0.142301 -1 0 0 2540.dat
1 4 110.097267 -49.108288 -20 0 0 -1 0 -1 -0 -1 0 0 2540.dat
1 25 108.894066 -39.967186 -20 0 0.142318 -0.989821 0 -0.989821 -0.142318 -1 0 0 2540.dat
1 4 106.627243 -30.948591 -20 0 0.281739 -0.959491 0 -0.959491 -0.281739 -1 0 0 2540.dat
1 25 102.897377 -22.516794 -20 0 0.415424 -0.909628 0 -0.909628 -0.415424 -1 0 0 2540.dat
1 4 98.064476 -14.560482 -20 0 0.540637 -0.841256 0 -0.841256 -0.540637 -1 0 0 2540.dat
1 25 92.110268 -7.520973 -20 0 0.65486 -0.755751 0 -0.75575 -0.65486 -1 0 0 2540.dat
1 4 85.327499 -1.15955 -20 0 0.755751 -0.654859 0 -0.654859 -0.755751 -1 0 0 2540.dat
1 25 77.631187 3.917248 -20 0 0.841256 -0.540637 0 -0.540637 -0.841256 -1 0 0 2540.dat
1 4 69.053452 8.008171 -20 0 0.909635 -0.415408 0 -0.415408 -0.909635 -1 0 0 2540.dat
1 25 60.238564 10.710976 -20 0 0.959496 -0.281722 0 -0.281722 -0.959496 -1 0 0 2540.dat
1 4 51.093277 12.395393 -20 0 0.989823 -0.142301 0 -0.142301 -0.989823 -1 0 0 2540.dat
1 25 41.50827 12.589012 -20 0 1 0 0 0 -1 -1 0 0 2540.dat
1 4 32.36718 11.385811 -20 0 0.989821 0.142318 0 0.142318 -0.989821 -1 0 0 2540.dat
1 25 23.348583 9.118988 -20 0 0.959491 0.281739 0 0.281739 -0.959491 -1 0 0 2540.dat
1 4 14.91679 5.389118 -20 0 0.909628 0.415424 0 0.415424 -0.909628 -1 0 0 2540.dat
1 25 6.960482 0.556221 -20 0 0.841256 0.540637 0 0.540637 -0.841256 -1 0 0 2540.dat
1 4 -0.07903 -5.397995 -20 0 0.75575 0.65486 0 0.65486 -0.755751 -1 0 0 2540.dat
1 25 -6.44045 -12.180759 -20 0 0.654859 0.755751 0 0.755751 -0.654859 -1 0 0 2540.dat
1 4 -11.517244 -19.877081 -20 0 0.540637 0.841256 0 0.841256 -0.540637 -1 0 0 2540.dat
1 25 -15.608171 -28.454824 -20 0 0.415408 0.909635 0 0.909635 -0.415408 -1 0 0 2540.dat
1 4 -18.310972 -37.269714 -20 0 0.281722 0.959496 0 0.959496 -0.281722 -1 0 0 2540.dat
1 25 -19.995394 -46.414989 -20 0 0.142301 0.989823 0 0.989823 -0.142301 -1 0 0 2540.dat
1 46 45.004608 -52.414993 -207 1 0 0 0 0 -1 0 1 -0 3961.dat
1 14 45.004608 -52.414993 135 -1 0 -0 0 0 -1 -0 -0.999999 0 3961.dat
1 25 45.004608 -52.414993 -199 1 0 0 0 -0 -1 0 1 -0 3941.dat
1 25 45.004608 -52.414993 127 1 0 0 0 0 1 0 -1 0 3941.dat
1 0 45.004608 -52.414993 -172 0 1 -0 0 0 1 1 0 -0 3705.dat
1 4 140 40 160 0 0 1 0 1 0 -1 0 0 2540.dat
1 25 141.203201 30.858902 160 0 -0.142318 0.989821 0 0.989821 0.142318 -1 0 0 2540.dat
1 4 143.470032 21.840302 160 0 -0.281739 0.959491 0 0.959491 0.281739 -1 0 0 2540.dat
1 25 147.19989 13.408508 160 0 -0.415424 0.909628 0 0.909628 0.415424 -1 0 0 2540.dat
1 4 152.032791 5.452202 160 0 -0.540637 0.841256 0 0.841256 0.540637 -1 0 0 2540.dat
1 25 157.987 -1.587311 160 0 -0.65486 0.755751 0 0.755751 0.65486 -1 0 0 2540.dat
1 4 164.769775 -7.94873 160 0 -0.755751 0.654859 0 0.654859 0.755751 -1 0 0 2540.dat
1 25 172.46608 -13.025528 160 0 -0.841256 0.540637 0 0.540637 0.841256 -1 0 0 2540.dat
1 4 181.043823 -17.116455 160 0 -0.909635 0.415408 0 0.415408 0.909635 -1 0 0 2540.dat
1 25 189.858704 -19.81926 160 0 -0.959496 0.281722 0 0.281722 0.959496 -1 0 0 2540.dat
1 4 199.003998 -21.503677 160 0 -0.989823 0.142301 0 0.142301 0.989823 -1 0 0 2540.dat
1 25 208.588989 -21.697296 160 0 -1 -0 0 -0 1 -1 0 0 2540.dat
1 4 217.730103 -20.494095 160 0 -0.989821 -0.142318 0 -0.142318 0.989821 -1 0 0 2540.dat
1 25 226.748688 -18.227272 160 0 -0.959491 -0.281739 0 -0.281739 0.959491 -1 0 0 2540.dat
1 4 235.180481 -14.497406 160 0 -0.909628 -0.415424 0 -0.415424 0.909628 -1 0 0 2540.dat
1 25 243.136795 -9.664505 160 0 -0.841256 -0.540637 0 -0.540637 0.841256 -1 0 0 2540.dat
1 4 250.1763 -3.710297 160 0 -0.755751 -0.65486 0 -0.65486 0.755751 -1 0 0 2540.dat
1 25 256.53772 3.072472 160 0 -0.654859 -0.755751 0 -0.755751 0.654859 -1 0 0 2540.dat
1 4 261.614532 10.768784 160 0 -0.540637 -0.841256 0 -0.841256 0.540637 -1 0 0 2540.dat
1 25 265.705444 19.346527 160 0 -0.415408 -0.909635 0 -0.909635 0.415408 -1 0 0 2540.dat
1 4 268.408264 28.161415 160 0 -0.281722 -0.959496 0 -0.959496 0.281722 -1 0 0 2540.dat
1 25 270.092682 37.306702 160 0 -0.142301 -0.989823 0 -0.989823 0.142301 -1 0 0 2540.dat
1 4 270.09726 46.891708 160 0 0 -1 0 -1 -0 -1 0 0 2540.dat
1 25 268.894073 56.032806 160 0 0.142318 -0.989821 0 -0.989821 -0.142318 -1 0 0 2540.dat
1 4 266.627258 65.051407 160 0 0.281739 -0.959491 0 -0.959491 -0.281739 -1 0 0 2540.dat
1 25 262.897369 73.483215 160 0 0.415424 -0.909628 0 -0.909628 -0.415424 -1 0 0 2540.dat
1 4 258.064484 81.439514 160 0 0.540637 -0.841256 0 -0.841256 -0.540637 -1 0 0 2540.dat
1 25 252.11026 88.479034 160 0 0.65486 -0.755751 0 -0.75575 -0.65486 -1 0 0 2540.dat
1 4 245.327499 94.840454 160 0 0.755751 -0.654859 0 -0.654859 -0.755751 -1 0 0 2540.dat
1 25 237.631195 99.917252 160 0 0.841256 -0.540637 0 -0.540637 -0.841256 -1 0 0 2540.dat
1 4 229.053452 104.008179 160 0 0.909635 -0.415408 0 -0.415408 -0.909635 -1 0 0 2540.dat
1 25 220.238556 106.710968 160 0 0.959496 -0.281722 0 -0.281722 -0.959496 -1 0 0 2540.dat
1 4 211.093277 108.395386 160 0 0.989823 -0.142301 0 -0.142301 -0.989823 -1 0 0 2540.dat
1 25 201.50827 108.58902 160 0 1 0 0 0 -1 -1 0 0 2540.dat
1 4 192.367188 107.385803 160 0 0.989821 0.142318 0 0.142318 -0.989821 -1 0 0 2540.dat
1 25 183.348587 105.118988 160 0 0.959491 0.281739 0 0.281739 -0.959491 -1 0 0 2540.dat
1 4 174.916794 101.389114 160 0 0.909628 0.415424 0 0.415424 -0.909628 -1 0 0 2540.dat
1 25 166.96048 96.556213 160 0 0.841256 0.540637 0 0.540637 -0.841256 -1 0 0 2540.dat
1 4 159.920975 90.602005 160 0 0.75575 0.65486 0 0.65486 -0.755751 -1 0 0 2540.dat
1 25 153.55954 83.819244 160 0 0.654859 0.755751 0 0.755751 -0.654859 -1 0 0 2540.dat
1 4 148.482758 76.122925 160 0 0.540637 0.841256 0 0.841256 -0.540637 -1 0 0 2540.dat
1 25 144.39183 67.545166 160 0 0.415408 0.909635 0 0.909635 -0.415408 -1 0 0 2540.dat
1 4 141.689026 58.730286 160 0 0.281722 0.959496 0 0.959496 -0.281722 -1 0 0 2540.dat
1 25 140.004608 49.585007 160 0 0.142301 0.989823 0 0.989823 -0.142301 -1 0 0 2540.dat
1 14 205.004608 43.585007 121 1 0 0 0 0 -1 0 1 -0 3961.dat
1 14 205.004608 43.585007 199 -1 0 -0 0 0 -1 -0 -0.999999 0 3961.dat
1 25 205.004608 43.585007 129 1 0 0 0 -0 -1 0 1 -0 3941.dat
1 25 205.004608 43.585007 191 1 0 0 0 0 1 0 -1 0 3941.dat
1 0 205.004608 43.585007 160 0 1 -0 0 0 1 1 0 -0 3705.dat