0 Untitled
0 Name: model.ldr
0 Author: BrickCamp (by Tobias Buckdahn)
0 Unofficial Model
0 ROTATION CENTER 0 0 0 1 "Custom" 
0 ROTATION CONFIG 0 0
1 71 -111 76 0 1 0 0 0 1 0 0 0 1 27255.dat
1 14 -111 77 -40 0 1 0 0 0 1 1 0 0 30261.dat
1 14 -111 68 40 -1 0 0 0 1 0 0 0 -1 14769.dat
1 14 -145.461 77 20.311 0.866025 -0.5 0 0 0 1 -0.5 -0.866025 0 30261.dat
1 14 -76.177 68 -19.691 0.5 0 -0.866025 0 1 0 0.866025 0 0.5 14769.dat
1 14 -76.039 77 19.445 -0.866025 -0.5 0 0 0 1 -0.5 0.866025 0 30261.dat
1 14 -145.322 68 -20.557 0.5 0 0.866025 0 1 0 -0.866025 0 0.5 14769.dat
0
