0 untitled model
0 Name: 
0 Author: BrickCamp (by Tobias Buckdahn)
1 4 -30 0 110 1 0 0 0 1 0 -0 0 1 3666.dat
1 14 30 -8 100 1 0 0 0 1 0 -0 0 1 2429.dat
1 14 30 -8 100 -0.5 -0 0.866025 -0 1 -0 -0.866025 -0 -0.5 2430.dat
1 4 8.6 0 43 0.5 0 -0.866025 0 1 0 0.866025 0 0.5 3666.dat
1 4 135 0 110 1 0 0 0 1 0 -0 0 1 3666.dat
1 14 195 -8 100 1 0 0 0 1 0 -0 0 1 2429.dat
1 14 195 -8 100 -0.5 -0 0.866025 -0 1 -0 -0.866025 -0 -0.5 2430.dat
1 4 173.600006 0 43 0.5 0 -0.866025 0 1 0 0.866025 0 0.5 3666.dat
1 14 135.113083 -8 -4.030762 -0.5 0 0.866025 0 1 0 -0.866025 0 -0.5 2429.dat
1 14 135.113083 -8 -4.030762 -0.5 -0 -0.866025 -0 1 -0 0.866025 0 -0.5 2430.dat
1 4 96.449646 0 43.00214 0.5 0 0.866025 0 1 0 -0.866025 0 0.5 3666.dat
1 14 75 -8 100 -0.5 -0 -0.866025 -0 1 -0 0.866025 -0 -0.5 2429.dat
1 14 75 -8 100 0.999999 0 0 -0 1 -0 -0 0 0.999999 2430.dat
1 4 62.535915 -2 -105.773682 -0.999999 0 0 0 1 -0 -0 0 -0.999999 3460.dat
1 4 95.371414 -8 -58.498169 -0.875042 0 -0.484046 0 1 0 0.484046 0 -0.875042 3666.dat
1 4 2.635918 -8 -59.660267 -0.687087 0 0.726574 0 1 -0 -0.726574 0 -0.687087 3710.dat
1 14 38.409897 10 -38.158443 0.875042 -0 0.484046 0 1 0 -0.484046 -0 0.875042 2430.dat
1 14 -17.467731 2 -95.301292 0.687087 0 -0.726574 -0 1 -0 0.726574 0 0.687087 2430.dat
1 14 142.535889 10 -95.773666 -0.999999 0 0 0 1 0 -0 0 -0.999999 2430.dat