0 Untitled
0 Name: model.ldr
0 Author: BrickCamp (by Tobias Buckdahn)
0 Unofficial Model
0 ROTATION CENTER 0 0 0 1 "Custom" 
0 ROTATION CONFIG 0 0
1 14 -30.184 -4 84.679 0 0 -1 0 1 0 1 0 0 30414.dat
1 7 -12.183 7 64.679 0 -1 0 0 0 1 -1 0 0 44301.dat
1 25 -40.183 -12 44.679 0 0 1 0 1 0 -1 0 0 2429.dat
1 25 -40.183 20 44.679 0 0 1 0 1 0 -1 0 0 2429.dat
1 14 -57.982 -4 7.679 0.642789 0 -0.766044 0 1 0 0.766044 0 0.642789 30414.dat
1 7 -31.337 7 11.429 0.642789 -0.766044 0 0 0 -1 0.766044 0.642789 0 44302.dat
1 25 -39.931 -12 44.748 -0.642789 0 0.766044 0 1 0 -0.766044 0 -0.642789 2430.dat
1 25 -39.931 20 44.748 -0.642789 0 0.766044 0 1 0 -0.766044 0 -0.642789 2430.dat
0
