0 Untitled
0 Name: model.ldr
0 Author: BrickCamp (by Tobias Buckdahn)
0 Unofficial Model
0 ROTATION CENTER 0 0 0 1 "Custom" 
0 ROTATION CONFIG 0 0
1 14 -119.163 -311.971 64.161 -0.42385 0.866586 0.263384 0.527165 -0.000431147 0.849756 0.736504 0.499018 -0.456652 4085c.dat
1 14 -127.644 -301.426 78.888 -0.42385 0.866586 0.263384 0.527165 -0.000431147 0.849756 0.736504 0.499018 -0.456652 4085c.dat
1 25 -130.336 -306.701 67.53 -0.42385 0.866586 0.263384 0.527165 -0.000431147 0.849756 0.736504 0.499018 -0.456652 3023.dat
1 25 -116.476 -306.706 75.521 -0.42385 0.866586 0.263384 0.527165 -0.000431147 0.849756 0.736504 0.499018 -0.456652 3023.dat
1 14 -102.291 -257.566 144.522 -0.613892 -0.755171 0.229874 -0.457346 0.577606 0.676161 -0.6434 0.30996 -0.699966 4085c.dat
1 14 -114.565 -266.709 131.652 -0.613892 -0.755171 0.229874 -0.457346 0.577606 0.676161 -0.6434 0.30996 -0.699966 4085c.dat
1 25 -102.382 -266.758 135.609 -0.613892 -0.755171 0.229874 -0.457346 0.577606 0.676161 -0.6434 0.30996 -0.699966 3023.dat
1 25 -114.469 -257.516 140.57 -0.613892 -0.755171 0.229874 -0.457346 0.577606 0.676161 -0.6434 0.30996 -0.699966 3023.dat
1 14 -189.029 -252.812 101.167 0.864277 -0.111413 0.490514 -0.458082 -0.577175 0.676032 0.207795 -0.808978 -0.549878 4085c.dat
1 14 -171.739 -261.976 105.326 0.864277 -0.111413 0.490514 -0.458082 -0.577175 0.676032 0.207795 -0.808978 -0.549878 4085c.dat
1 25 -179.493 -252.785 109.724 0.864277 -0.111413 0.490514 -0.458082 -0.577175 0.676032 0.207795 -0.808978 -0.549878 3023.dat
1 25 -181.281 -262.016 96.782 0.864277 -0.111413 0.490514 -0.458082 -0.577175 0.676032 0.207795 -0.808978 -0.549878 3023.dat
1 25 -214.648 -231.906 44.019 0.175369 -0.356575 0.917653 0.067568 0.934261 0.350115 -0.982178 0.000605135 0.187934 3023.dat
1 14 -210.042 -238.704 34.195 0.175369 -0.356575 0.917653 0.067568 0.934261 0.350115 -0.982178 0.000605135 0.187934 4085c.dat
1 25 -208.943 -246.858 44.009 0.175369 -0.356575 0.917653 0.067568 0.934261 0.350115 -0.982178 0.000605135 0.187934 3023.dat
1 14 -213.552 -240.052 53.839 0.175369 -0.356575 0.917653 0.067568 0.934261 0.350115 -0.982178 0.000605135 0.187934 4085c.dat
1 25 -201.686 -190.963 -24.611 -0.0115197 0.46684 0.884259 -0.917527 -0.356476 0.176246 0.397499 -0.809305 0.432448 3023.dat
1 14 -205.53 -197.289 -14.164 -0.0115197 0.46684 0.884259 -0.917527 -0.356476 0.176246 0.397499 -0.809305 0.432448 4085c.dat
1 25 -209.155 -185.263 -11.66 -0.0115197 0.46684 0.884259 -0.917527 -0.356476 0.176246 0.397499 -0.809305 0.432448 3023.dat
1 14 -205.305 -178.936 -22.111 -0.0115197 0.46684 0.884259 -0.917527 -0.356476 0.176246 0.397499 -0.809305 0.432448 4085c.dat
1 25 -205.623 -197.792 104.586 0.339379 0.467988 0.815965 0.917204 -0.357085 -0.176682 0.208687 0.808374 -0.55043 3023.dat
1 14 -205.969 -185.76 100.208 0.339379 0.467988 0.815965 0.917204 -0.357085 -0.176682 0.208687 0.808374 -0.55043 4085c.dat
1 25 -213.11 -192.069 91.656 0.339379 0.467988 0.815965 0.917204 -0.357085 -0.176682 0.208687 0.808374 -0.55043 3023.dat
1 14 -212.76 -204.106 96.034 0.339379 0.467988 0.815965 0.917204 -0.357085 -0.176682 0.208687 0.808374 -0.55043 4085c.dat
1 14 -4.486 -252.908 86.036 -0.252524 -0.64532 -0.72096 -0.457527 -0.576908 0.676634 -0.85258 0.500726 -0.149567 4085c.dat
1 14 -9.537 -262.06 68.99 -0.252524 -0.64532 -0.72096 -0.457527 -0.576908 0.676634 -0.85258 0.500726 -0.149567 4085c.dat
1 25 -1.849 -252.87 73.501 -0.252524 -0.64532 -0.72096 -0.457527 -0.576908 0.676634 -0.85258 0.500726 -0.149567 3023.dat
1 25 -12.177 -262.097 81.523 -0.252524 -0.64532 -0.72096 -0.457527 -0.576908 0.676634 -0.85258 0.500726 -0.149567 3023.dat
1 14 -10.316 -257.613 -10.759 -0.250597 0.646451 -0.72062 -0.457525 0.576908 0.676636 0.853149 0.499267 0.1512 4085c.dat
1 14 -15.325 -266.765 6.308 -0.250597 0.646451 -0.72062 -0.457525 0.576908 0.676636 0.853149 0.499267 0.1512 4085c.dat
1 25 -17.987 -266.803 -6.219 -0.250597 0.646451 -0.72062 -0.457525 0.576908 0.676636 0.853149 0.499267 0.1512 3023.dat
1 25 -7.645 -257.568 1.77 -0.250597 0.646451 -0.72062 -0.457525 0.576908 0.676636 0.853149 0.499267 0.1512 3023.dat
1 14 -71.515 -312 44.019 0.85015 -0.00113066 -0.526529 0.526529 0 0.850151 -0.000960432 -0.999994 0.000596905 4085c.dat
1 14 -54.509 -301.461 43.997 0.85015 -0.00113066 -0.526529 0.526529 0 0.850151 -0.000960432 -0.999994 0.000596905 4085c.dat
1 25 -63.006 -306.73 52.004 0.85015 -0.00113066 -0.526529 0.526529 0 0.850151 -0.000960432 -0.999994 0.000596905 3023.dat
1 25 -63.026 -306.732 36.011 0.85015 -0.00113066 -0.526529 0.526529 0 0.850151 -0.000960432 -0.999994 0.000596905 3023.dat
1 14 -0.428 -206.59 107.47 0.0116101 0.466131 -0.884632 0.917243 -0.357229 -0.176192 -0.398149 -0.80938 -0.431706 4085c.dat
1 14 -0.197 -188.243 99.503 0.0116101 0.466131 -0.884632 0.917243 -0.357229 -0.176192 -0.398149 -0.80938 -0.431706 4085c.dat
1 25 -4.041 -194.557 109.963 0.0116101 0.466131 -0.884632 0.917243 -0.357229 -0.176192 -0.398149 -0.80938 -0.431706 3023.dat
1 25 3.413 -200.275 97.012 0.0116101 0.466131 -0.884632 0.917243 -0.357229 -0.176192 -0.398149 -0.80938 -0.431706 3023.dat
1 14 -32.033 -239.988 132.927 -0.938373 0.179509 -0.29534 0.0682986 0.933993 0.350686 0.338801 0.308902 -0.888697 4085c.dat
1 14 -50.803 -238.62 139.701 -0.938373 0.179509 -0.29534 0.0682986 0.933993 0.350686 0.338801 0.308902 -0.888697 4085c.dat
1 25 -42.855 -246.777 133.847 -0.938373 0.179509 -0.29534 0.0682986 0.933993 0.350686 0.338801 0.308902 -0.888697 3023.dat
1 25 -39.98 -231.83 138.784 -0.938373 0.179509 -0.29534 0.0682986 0.933993 0.350686 0.338801 0.308902 -0.888697 3023.dat
1 14 -101.116 -176.211 168.13 0.349371 -0.93453 -0.0676802 -0.917718 -0.355866 0.176487 -0.189019 0.000449448 -0.981967 4085c.dat
1 14 -94.13 -194.569 164.349 0.349371 -0.93453 -0.0676802 -0.917718 -0.355866 0.176487 -0.189019 0.000449448 -0.981967 4085c.dat
1 25 -90.142 -182.543 166.24 0.349371 -0.93453 -0.0676802 -0.917718 -0.355866 0.176487 -0.189019 0.000449448 -0.981967 3023.dat
1 25 -105.102 -188.237 166.241 0.349371 -0.93453 -0.0676802 -0.917718 -0.355866 0.176487 -0.189019 0.000449448 -0.981967 3023.dat
1 7 2.593 -239.263 119.021 -0.18854 -0.748045 0.636296 -0.929892 0.344346 0.129282 -0.315817 -0.567316 -0.760528 27255.dat
1 7 -145.663 -292.312 118.21 0.866586 0.332982 -0.371675 -0.000431147 0.745305 0.666715 0.499018 -0.577606 0.646019 27255.dat
1 7 -100.528 -331.715 39.934 0.00117823 0.00746559 -0.999967 0.0120911 0.999894 0.00747886 0.999922 -0.0120997 0.00108902 27255.dat
1 7 -83.358 -239.219 169.606 -0.935829 -0.119136 0.331696 -0.352288 0.344033 -0.870358 -0.0104233 -0.931363 -0.363929 27255.dat
1 7 -221.119 -239.149 90.808 0.367081 0.86559 0.340585 -0.930171 0.343543 0.129431 -0.00497159 -0.364316 0.931257 27255.dat
1 7 -11.439 -292.376 39.944 -0.00113066 -0.666156 0.745803 0 0.745804 0.666158 -0.999994 0.000753947 -0.000842686 27255.dat
1 7 1.959 -239.267 -39.686 0.458622 -0.74676 -0.48167 -0.352983 0.344346 -0.869953 0.815509 0.569006 -0.105669 27255.dat
1 7 -144.92 -291.888 -36.639 -0.865456 0.334288 -0.373135 0.000431519 0.745306 0.666715 0.500977 0.576853 -0.645176 27255.dat
1 14 -111.382 -311.559 13.342 -0.425515 -0.865456 0.264415 0.527164 0.000431519 0.849757 -0.735545 0.500977 0.456057 4085c.dat
1 14 -119.888 -301.013 -1.365 -0.425515 -0.865456 0.264415 0.527164 0.000431519 0.849757 -0.735545 0.500977 0.456057 4085c.dat
1 25 -108.709 -306.291 1.977 -0.425515 -0.865456 0.264415 0.527164 0.000431519 0.849757 -0.735545 0.500977 0.456057 3023.dat
1 25 -122.559 -306.281 9.995 -0.425515 -0.865456 0.264415 0.527164 0.000431519 0.849757 -0.735545 0.500977 0.456057 3023.dat
1 14 -189.371 -257.106 -12.247 0.863805 0.109585 0.491757 -0.458082 0.577175 0.676031 -0.209749 -0.809227 0.548768 4085c.dat
1 14 -172.098 -266.265 -16.443 0.863805 0.109585 0.491757 -0.458082 0.577175 0.676031 -0.209749 -0.809227 0.548768 4085c.dat
1 25 -181.615 -266.298 -7.872 0.863805 0.109585 0.491757 -0.458082 0.577175 0.676031 -0.209749 -0.809227 0.548768 3023.dat
1 25 -179.853 -257.069 -20.816 0.863805 0.109585 0.491757 -0.458082 0.577175 0.676031 -0.209749 -0.809227 0.548768 3023.dat
1 14 -108.454 -252.44 -65.693 -0.612435 0.755871 0.231457 -0.457345 -0.577606 0.676161 0.644785 0.308251 0.699447 4085c.dat
1 14 -120.707 -261.582 -52.795 -0.612435 0.755871 0.231457 -0.457345 -0.577606 0.676161 0.644785 0.308251 0.699447 4085c.dat
1 25 -120.624 -252.391 -61.708 -0.612435 0.755871 0.231457 -0.457345 -0.577606 0.676161 0.644785 0.308251 0.699447 3023.dat
1 25 -108.531 -261.628 -56.775 -0.612435 0.755871 0.231457 -0.457345 -0.577606 0.676161 0.644785 0.308251 0.699447 3023.dat
1 14 -91.546 -207.036 -80.076 -0.350046 -0.934244 0.0681575 0.917346 -0.356621 -0.17689 0.189567 0.000605658 0.981865 4085c.dat
1 14 -98.544 -188.693 -76.281 -0.350046 -0.934244 0.0681575 0.917346 -0.356621 -0.17689 0.189567 0.000605658 0.981865 4085c.dat
1 25 -87.574 -195.015 -78.185 -0.350046 -0.934244 0.0681575 0.917346 -0.356621 -0.17689 0.189567 0.000605658 0.981865 3023.dat
1 25 -102.522 -200.717 -78.168 -0.350046 -0.934244 0.0681575 0.917346 -0.356621 -0.17689 0.189567 0.000605658 0.981865 3023.dat
1 14 -52.867 -241.15 -60.564 0.897453 0.178365 -0.403427 -0.0254886 0.934034 0.356258 0.440362 -0.309443 0.842804 4085c.dat
1 14 -34.92 -241.661 -51.755 0.897453 0.178365 -0.403427 -0.0254886 0.934034 0.356258 0.440362 -0.309443 0.842804 4085c.dat
1 25 -45.319 -248.879 -53.683 0.897453 0.178365 -0.403427 -0.0254886 0.934034 0.356258 0.440362 -0.309443 0.842804 3023.dat
1 25 -42.468 -233.935 -58.636 0.897453 0.178365 -0.403427 -0.0254886 0.934034 0.356258 0.440362 -0.309443 0.842804 3023.dat
1 14 7.962 -180.547 -20.646 -0.338513 0.46719 -0.816782 -0.917504 -0.356475 0.176355 -0.208771 0.809103 0.549324 4085c.dat
1 14 1.189 -198.895 -24.822 -0.338513 0.46719 -0.816782 -0.917504 -0.356475 0.176355 -0.208771 0.809103 0.549324 4085c.dat
1 25 0.835 -186.871 -29.208 -0.338513 0.46719 -0.816782 -0.917504 -0.356475 0.176355 -0.208771 0.809103 0.549324 3023.dat
1 25 8.311 -192.574 -16.263 -0.338513 0.46719 -0.816782 -0.917504 -0.356475 0.176355 -0.208771 0.809103 0.549324 3023.dat
1 7 -220.543 -238.735 -8.404 0.476678 0.866411 0.148673 -0.352995 0.343543 -0.870265 -0.805088 0.362358 0.469597 27255.dat
1 7 -83.423 -238.806 -88.308 -0.179931 -0.117031 -0.976688 -0.929896 0.344032 0.130086 0.320787 0.931632 -0.170728 27255.dat
0 Untitled
0 Name: model.ldr
0 Author: BrickCamp (by Tobias Buckdahn)
0 Unofficial Model
1 14 -79.671 -77.124 63.152 0.42385 -0.866586 -0.263384 -0.527165 0.000431147 -0.849756 0.736504 0.499018 -0.456652 4085c.dat
1 14 -71.19 -87.668 77.879 0.42385 -0.866586 -0.263384 -0.527165 0.000431147 -0.849756 0.736504 0.499018 -0.456652 4085c.dat
1 25 -68.498 -82.394 66.521 0.42385 -0.866586 -0.263384 -0.527165 0.000431147 -0.849756 0.736504 0.499018 -0.456652 3023.dat
1 25 -82.358 -82.389 74.512 0.42385 -0.866586 -0.263384 -0.527165 0.000431147 -0.849756 0.736504 0.499018 -0.456652 3023.dat
1 14 -96.543 -131.529 143.513 0.613892 0.755171 -0.229874 0.457346 -0.577606 -0.676161 -0.6434 0.30996 -0.699966 4085c.dat
1 14 -84.269 -122.386 130.643 0.613892 0.755171 -0.229874 0.457346 -0.577606 -0.676161 -0.6434 0.30996 -0.699966 4085c.dat
1 25 -96.452 -122.336 134.6 0.613892 0.755171 -0.229874 0.457346 -0.577606 -0.676161 -0.6434 0.30996 -0.699966 3023.dat
1 25 -84.365 -131.579 139.561 0.613892 0.755171 -0.229874 0.457346 -0.577606 -0.676161 -0.6434 0.30996 -0.699966 3023.dat
1 14 -9.805 -136.283 100.158 -0.864277 0.111413 -0.490514 0.458082 0.577175 -0.676032 0.207795 -0.808978 -0.549878 4085c.dat
1 14 -27.095 -127.119 104.317 -0.864277 0.111413 -0.490514 0.458082 0.577175 -0.676032 0.207795 -0.808978 -0.549878 4085c.dat
1 25 -19.341 -136.31 108.715 -0.864277 0.111413 -0.490514 0.458082 0.577175 -0.676032 0.207795 -0.808978 -0.549878 3023.dat
1 25 -17.552 -127.079 95.773 -0.864277 0.111413 -0.490514 0.458082 0.577175 -0.676032 0.207795 -0.808978 -0.549878 3023.dat
1 25 15.815 -157.189 43.01 -0.175369 0.356575 -0.917653 -0.067568 -0.934261 -0.350115 -0.982178 0.000605135 0.187934 3023.dat
1 14 11.208 -150.391 33.186 -0.175369 0.356575 -0.917653 -0.067568 -0.934261 -0.350115 -0.982178 0.000605135 0.187934 4085c.dat
1 25 10.109 -142.237 43 -0.175369 0.356575 -0.917653 -0.067568 -0.934261 -0.350115 -0.982178 0.000605135 0.187934 3023.dat
1 14 14.719 -149.043 52.83 -0.175369 0.356575 -0.917653 -0.067568 -0.934261 -0.350115 -0.982178 0.000605135 0.187934 4085c.dat
1 14 -194.348 -136.187 85.027 0.252524 0.64532 0.72096 0.457527 0.576908 -0.676634 -0.85258 0.500726 -0.149567 4085c.dat
1 14 -189.297 -127.035 67.981 0.252524 0.64532 0.72096 0.457527 0.576908 -0.676634 -0.85258 0.500726 -0.149567 4085c.dat
1 25 -196.985 -136.225 72.492 0.252524 0.64532 0.72096 0.457527 0.576908 -0.676634 -0.85258 0.500726 -0.149567 3023.dat
1 25 -186.657 -126.998 80.514 0.252524 0.64532 0.72096 0.457527 0.576908 -0.676634 -0.85258 0.500726 -0.149567 3023.dat
1 14 -188.518 -131.481 -11.768 0.250597 -0.646451 0.72062 0.457525 -0.576908 -0.676636 0.853149 0.499267 0.1512 4085c.dat
1 14 -183.509 -122.33 5.299 0.250597 -0.646451 0.72062 0.457525 -0.576908 -0.676636 0.853149 0.499267 0.1512 4085c.dat
1 25 -180.847 -122.292 -7.228 0.250597 -0.646451 0.72062 0.457525 -0.576908 -0.676636 0.853149 0.499267 0.1512 3023.dat
1 25 -191.189 -131.527 0.761 0.250597 -0.646451 0.72062 0.457525 -0.576908 -0.676636 0.853149 0.499267 0.1512 3023.dat
1 14 -127.319 -77.095 43.01 -0.85015 0.00113066 0.526529 -0.526529 0 -0.850151 -0.000960432 -0.999994 0.000596905 4085c.dat
1 14 -144.325 -87.634 42.988 -0.85015 0.00113066 0.526529 -0.526529 0 -0.850151 -0.000960432 -0.999994 0.000596905 4085c.dat
1 25 -135.828 -82.365 50.995 -0.85015 0.00113066 0.526529 -0.526529 0 -0.850151 -0.000960432 -0.999994 0.000596905 3023.dat
1 25 -135.808 -82.363 35.002 -0.85015 0.00113066 0.526529 -0.526529 0 -0.850151 -0.000960432 -0.999994 0.000596905 3023.dat
1 14 -166.801 -149.107 131.918 0.938373 -0.179509 0.29534 -0.0682986 -0.933993 -0.350686 0.338801 0.308902 -0.888697 4085c.dat
1 14 -148.031 -150.475 138.692 0.938373 -0.179509 0.29534 -0.0682986 -0.933993 -0.350686 0.338801 0.308902 -0.888697 4085c.dat
1 25 -155.979 -142.318 132.838 0.938373 -0.179509 0.29534 -0.0682986 -0.933993 -0.350686 0.338801 0.308902 -0.888697 3023.dat
1 25 -158.854 -157.265 137.775 0.938373 -0.179509 0.29534 -0.0682986 -0.933993 -0.350686 0.338801 0.308902 -0.888697 3023.dat
1 7 -201.427 -149.832 118.012 0.18854 0.748045 -0.636296 0.929892 -0.344346 -0.129282 -0.315817 -0.567316 -0.760528 27255.dat
1 7 -53.171 -96.783 117.201 -0.866586 -0.332982 0.371675 0.000431147 -0.745305 -0.666715 0.499018 -0.577606 0.646019 27255.dat
1 7 -98.306 -57.38 38.925 -0.00117823 -0.00746559 0.999967 -0.0120911 -0.999894 -0.00747886 0.999922 -0.0120997 0.00108902 27255.dat
1 7 -115.476 -149.875 168.597 0.935829 0.119136 -0.331696 0.352288 -0.344033 0.870358 -0.0104233 -0.931363 -0.363929 27255.dat
1 7 22.285 -149.946 89.799 -0.367081 -0.86559 -0.340585 0.930171 -0.343543 -0.129431 -0.00497159 -0.364316 0.931257 27255.dat
1 7 -187.395 -96.719 38.935 0.00113066 0.666156 -0.745803 0 -0.745804 -0.666158 -0.999994 0.000753947 -0.000842686 27255.dat
1 7 -200.793 -149.828 -40.695 -0.458622 0.74676 0.48167 0.352983 -0.344346 0.869953 0.815509 0.569006 -0.105669 27255.dat
1 7 -53.914 -97.207 -37.648 0.865456 -0.334288 0.373135 -0.000431519 -0.745306 -0.666715 0.500977 0.576853 -0.645176 27255.dat
1 14 -87.452 -77.536 12.333 0.425515 0.865456 -0.264415 -0.527164 -0.000431519 -0.849757 -0.735545 0.500977 0.456057 4085c.dat
1 14 -78.946 -88.082 -2.374 0.425515 0.865456 -0.264415 -0.527164 -0.000431519 -0.849757 -0.735545 0.500977 0.456057 4085c.dat
1 25 -90.125 -82.803 0.968 0.425515 0.865456 -0.264415 -0.527164 -0.000431519 -0.849757 -0.735545 0.500977 0.456057 3023.dat
1 25 -76.275 -82.814 8.986 0.425515 0.865456 -0.264415 -0.527164 -0.000431519 -0.849757 -0.735545 0.500977 0.456057 3023.dat
1 14 -9.463 -131.989 -13.256 -0.863805 -0.109585 -0.491757 0.458082 -0.577175 -0.676031 -0.209749 -0.809227 0.548768 4085c.dat
1 14 -26.736 -122.83 -17.452 -0.863805 -0.109585 -0.491757 0.458082 -0.577175 -0.676031 -0.209749 -0.809227 0.548768 4085c.dat
1 25 -17.219 -122.797 -8.881 -0.863805 -0.109585 -0.491757 0.458082 -0.577175 -0.676031 -0.209749 -0.809227 0.548768 3023.dat
1 25 -18.981 -132.026 -21.825 -0.863805 -0.109585 -0.491757 0.458082 -0.577175 -0.676031 -0.209749 -0.809227 0.548768 3023.dat
1 14 -90.38 -136.655 -66.702 0.612435 -0.755871 -0.231457 0.457345 0.577606 -0.676161 0.644785 0.308251 0.699447 4085c.dat
1 14 -78.127 -127.513 -53.804 0.612435 -0.755871 -0.231457 0.457345 0.577606 -0.676161 0.644785 0.308251 0.699447 4085c.dat
1 25 -78.209 -136.704 -62.717 0.612435 -0.755871 -0.231457 0.457345 0.577606 -0.676161 0.644785 0.308251 0.699447 3023.dat
1 25 -90.303 -127.467 -57.784 0.612435 -0.755871 -0.231457 0.457345 0.577606 -0.676161 0.644785 0.308251 0.699447 3023.dat
1 14 -145.967 -147.945 -61.573 -0.897453 -0.178365 0.403427 0.0254886 -0.934034 -0.356258 0.440362 -0.309443 0.842804 4085c.dat
1 14 -163.914 -147.434 -52.764 -0.897453 -0.178365 0.403427 0.0254886 -0.934034 -0.356258 0.440362 -0.309443 0.842804 4085c.dat
1 25 -153.515 -140.216 -54.692 -0.897453 -0.178365 0.403427 0.0254886 -0.934034 -0.356258 0.440362 -0.309443 0.842804 3023.dat
1 25 -156.366 -155.16 -59.645 -0.897453 -0.178365 0.403427 0.0254886 -0.934034 -0.356258 0.440362 -0.309443 0.842804 3023.dat
1 7 21.709 -150.36 -9.413 -0.476678 -0.866411 -0.148673 0.352995 -0.343543 0.870265 -0.805088 0.362358 0.469597 27255.dat
1 7 -115.411 -150.288 -89.317 0.179931 0.117031 0.976688 0.929896 -0.344032 -0.130086 0.320787 0.931632 -0.170728 27255.dat
0
