0 untitled model
0 Name: 
0 Author: BrickCamp (by Tobias Buckdahn)
1 14 -121.78656 -0.000004 -174.272659 -0.707107 0 -0.707107 0 1 0 0.707107 0 -0.707107 60470.dat
1 14 -135.928696 -0.000004 -188.414795 0.707107 0 0.707107 0 1 0 -0.707107 0 0.707107 48336.dat
1 25 -128.85762 8 -181.343719 0.707107 0 0.707107 0 1 0 -0.707107 0 0.707107 3022.dat
1 25 -128.85762 -8 -181.343719 0.707107 0 0.707107 0 1 0 -0.707107 0 0.707107 3022.dat
1 4 -128.85762 -32 -181.343719 0.707107 0 0.707107 0 1 0 -0.707107 0 0.707107 30367.dat
1 14 -90.902451 -30.365105 -143.38855 -0.707107 0.552834 -0.44088 0 0.623498 0.781825 0.707107 0.552834 -0.44088 60470.dat
1 14 -99.720032 -14.7286 -152.206131 0.707107 0.552834 0.44088 0 0.623498 -0.781825 -0.707107 0.552834 0.44088 48336.dat
1 25 -90.888565 -17.558872 -143.374664 0.707107 0.552834 0.44088 0 0.623498 -0.781825 -0.707107 0.552834 0.44088 3022.dat
1 25 -99.73391 -27.534828 -152.220001 0.707107 0.552834 0.44088 0 0.623498 -0.781825 -0.707107 0.552834 0.44088 3022.dat
1 4 -113.00193 -42.498779 -165.488022 0.707107 0.552834 0.44088 0 0.623498 -0.781825 -0.707107 0.552834 0.44088 30367.dat
1 14 -88.367928 -83.307312 -140.854034 -0.707107 0.689378 0.157344 0 -0.222519 0.974928 0.707107 0.689378 0.157344 60470.dat
1 14 -85.221046 -63.808739 -137.707153 0.707107 0.689378 -0.157344 0 -0.222519 -0.974928 -0.707107 0.689378 -0.157344 48336.dat
1 25 -81.279457 -75.338173 -133.765564 0.707107 0.689378 -0.157344 0 -0.222519 -0.974928 -0.707107 0.689378 -0.157344 3022.dat
1 25 -92.309509 -71.777878 -144.795609 0.707107 0.689378 -0.157344 0 -0.222519 -0.974928 -0.707107 0.689378 -0.157344 3022.dat
1 4 -108.854599 -66.437431 -161.340698 0.707107 0.689378 -0.157344 0 -0.222519 -0.974928 -0.707107 0.689378 -0.157344 30367.dat
1 14 -116.173264 -119.132202 -168.659363 -0.707107 0.30681 0.637077 0 -0.900963 0.433895 0.707107 0.30681 0.637077 60470.dat
1 14 -103.431725 -110.4543 -155.917816 0.707107 0.30681 -0.637077 0 -0.900963 -0.433895 -0.707107 0.30681 -0.637077 48336.dat
1 25 -107.348015 -122.000961 -159.834106 0.707107 0.30681 -0.637077 0 -0.900963 -0.433895 -0.707107 0.30681 -0.637077 3022.dat
1 25 -112.256973 -107.585548 -164.743073 0.707107 0.30681 -0.637077 0 -0.900963 -0.433895 -0.707107 0.30681 -0.637077 3022.dat
1 4 -119.620415 -85.96241 -172.106522 0.707107 0.30681 -0.637077 0 -0.900963 -0.433895 -0.707107 0.30681 -0.637077 30367.dat
1 14 -153.276718 -110.760765 -205.762817 -0.707107 -0.306732 0.637115 0 -0.901016 -0.433785 0.707107 -0.306732 0.637115 60470.dat
1 14 -140.534424 -119.436462 -193.020523 0.707107 -0.306732 -0.637115 0 -0.901016 0.433785 -0.707107 -0.306732 -0.637115 48336.dat
1 25 -149.359436 -122.306747 -201.845535 0.707107 -0.306732 -0.637115 0 -0.901016 0.433785 -0.707107 -0.306732 -0.637115 3022.dat
1 25 -144.451721 -107.890488 -196.93782 0.707107 -0.306732 -0.637115 0 -0.901016 0.433785 -0.707107 -0.306732 -0.637115 3022.dat
1 4 -137.090149 -86.266083 -189.576248 0.707107 -0.306732 -0.637115 0 -0.901016 0.433785 -0.707107 -0.306732 -0.637115 30367.dat
1 14 -171.806274 -64.619293 -224.292374 -0.707107 -0.689362 0.157417 0 -0.222621 -0.974905 0.707107 -0.689362 0.157417 60470.dat
1 14 -168.657959 -84.117393 -221.144043 0.707107 -0.689362 -0.157417 0 -0.222621 0.974905 -0.707107 -0.689362 -0.157417 48336.dat
1 25 -175.747009 -76.149307 -228.233124 0.707107 -0.689362 -0.157417 0 -0.222621 0.974905 -0.707107 -0.689362 -0.157417 3022.dat
1 25 -164.717224 -72.587379 -217.203323 0.707107 -0.689362 -0.157417 0 -0.222621 0.974905 -0.707107 -0.689362 -0.157417 3022.dat
1 4 -148.172531 -67.244484 -200.65863 0.707107 -0.689362 -0.157417 0 -0.222621 0.974905 -0.707107 -0.689362 -0.157417 30367.dat
1 14 -157.749176 -15.278721 -210.235275 -0.707107 -0.552887 -0.440812 0 0.623402 -0.781901 0.707107 -0.552887 -0.440812 60470.dat
1 14 -166.565399 -30.916752 -219.051498 0.707107 -0.552887 0.440812 0 0.623402 0.781901 -0.707107 -0.552887 0.440812 48336.dat
1 25 -166.580399 -18.110519 -219.066498 0.707107 -0.552887 0.440812 0 0.623402 0.781901 -0.707107 -0.552887 0.440812 3022.dat
1 25 -157.734192 -28.084949 -210.220291 0.707107 -0.552887 0.440812 0 0.623402 0.781901 -0.707107 -0.552887 0.440812 3022.dat
1 4 -144.464874 -43.046612 -196.950974 0.707107 -0.552887 0.440812 0 0.623402 0.781901 -0.707107 -0.552887 0.440812 30367.dat
1 14 -189 -0.000002 -291 0 0 -1 0 1 0 1 0 0 60470.dat
1 14 -209 -0.000002 -291 0 0 1 0 1 0 -1 0 0 48336.dat
1 25 -199 7.999998 -291 0 0 1 0 1 0 -1 0 0 3022.dat
1 25 -199 -8 -291 0 0 1 0 1 0 -1 0 0 3022.dat
1 4 -199 -32 -291 0 0 1 0 1 0 -1 0 0 30367.dat
1 14 -189 -96 -291 0 0 -1 0 1 0 1 0 0 60470.dat
1 14 -209 -96 -291 0 0 1 0 1 0 -1 0 0 48336.dat
1 25 -199 -72 -291 0 0 1 0 1 0 -1 0 0 3022.dat
1 25 -199 -120 -291 0 0 1 0 1 0 -1 0 0 3022.dat
1 4 -199 -160 -291 0 0 1 0 1 0 -1 0 0 30367.dat