0 untitled model
0 Name: 
0 Author: BrickCamp (by Tobias Buckdahn)
1 14 0 0 0 1 0 0 0 1 0 -0 0 1 2926.dat
1 25 20.359629 -9.392856 0 0.996917 -0.078459 0 0.078459 0.996917 0 0 0 1 2926.dat
1 14 41.529816 -17.65094 0 0.987688 -0.156434 0 0.156434 0.987688 0 0 0 1 2926.dat
1 25 63.10815 -23.743206 0 0.97237 -0.233445 0 0.233445 0.97237 0 0 0 1 2926.dat
1 14 85.857346 -28.404678 0 0.951057 -0.309017 0 0.309017 0.951057 0 0 0 1 2926.dat
1 25 108.123055 -31.046345 0 0.92388 -0.382683 0 0.382683 0.92388 0 0 0 1 2926.dat
1 14 130.80899 -32.358303 0 0.891007 -0.453991 0 0.453991 0.891007 0 0 0 1 2926.dat
1 25 153.213821 -31.484322 0 0.85264 -0.522499 0 0.522499 0.85264 0 0 0 1 2926.dat
1 14 175.459442 -28.376305 0 0.809017 -0.587785 0 0.587785 0.809017 0 0 0 1 2926.dat
1 25 197.451691 -24.008194 0 0.760406 -0.649448 0 0.649448 0.760406 0 0 0 1 2926.dat
1 14 219.432724 -18.245602 0 0.707107 -0.707107 0 0.707107 0.707107 0 0 0 1 2926.dat
1 25 240.470901 -10.490921 0 0.649448 -0.760406 0 0.760406 0.649448 0 0 0 1 2926.dat
1 14 261.615356 -0.890491 0 0.587785 -0.809017 0 0.809017 0.587785 0 0 0 1 2926.dat
1 25 281.181396 10.059811 0 0.522499 -0.85264 0 0.85264 0.522499 0 0 0 1 2926.dat
1 14 300.305847 22.332872 0 0.453991 -0.891007 0 0.891007 0.453991 0 0 0 1 2926.dat
1 25 317.91803 36.209167 0 0.382683 -0.92388 0 0.92388 0.382683 0 0 0 1 2926.dat
1 14 334.232422 50.095062 0 0.309017 -0.951057 0 0.951057 0.309017 0 0 0 1 2926.dat
1 25 349.457001 66.555664 0 0.233445 -0.97237 0 0.97237 0.233445 0 0 0 1 2926.dat
1 14 363.852844 84.137817 0 0.156434 -0.987688 0 0.987688 0.156434 0 0 0 1 2926.dat
1 25 376.315033 102.777435 0 0.078459 -0.996917 0 0.996917 0.078459 0 0 0 1 2926.dat
1 14 387.778259 122.972717 0 -0 -1 0 1 -0 0 0 0 1 2926.dat
1 25 397.171082 143.332352 0 -0.078459 -0.996917 0 0.996917 -0.078459 0 0 0 1 2926.dat
1 14 405.429199 164.502533 0 -0.156435 -0.987688 0 0.987688 -0.156435 0 0 0 1 2926.dat
1 25 411.521454 186.080872 0 -0.233445 -0.97237 0 0.97237 -0.233445 0 0 0 1 2926.dat
1 14 415.439819 208.198151 0 -0.309017 -0.951057 0 0.951057 -0.309017 0 0 0 1 2926.dat
1 25 418.081482 230.463837 0 -0.382683 -0.92388 0 0.92388 -0.382683 0 0 0 1 2926.dat
1 14 419.393433 253.14978 0 -0.453991 -0.891007 0 0.891007 -0.453991 0 0 0 1 2926.dat
1 25 418.51947 275.554626 0 -0.522499 -0.85264 0 0.85264 -0.522499 0 0 0 1 2926.dat
1 14 415.922913 298.630859 0 -0.587785 -0.809017 0 0.809017 -0.587785 0 0 0 1 2926.dat
1 25 411.554779 320.623108 0 -0.649448 -0.760406 0 0.760406 -0.649448 0 0 0 1 2926.dat
1 14 405.792175 342.604126 0 -0.707107 -0.707107 0 0.707107 -0.707107 0 0 0 1 2926.dat
1 25 398.037506 363.642334 0 -0.760406 -0.649448 0 0.649448 -0.760406 0 0 0 1 2926.dat
1 14 388.70575 384.395447 0 -0.809017 -0.587785 0 0.587785 -0.809017 0 0 0 1 2926.dat
1 25 377.755432 403.961517 0 -0.85264 -0.522499 0 0.522499 -0.85264 0 0 0 1 2926.dat
1 14 365.482391 423.085968 0 -0.891007 -0.45399 0 0.45399 -0.891007 0 0 0 1 2926.dat
1 25 351.606079 440.698181 0 -0.92388 -0.382683 0 0.382683 -0.92388 0 0 0 1 2926.dat
1 14 335.941528 457.841003 0 -0.951057 -0.309017 0 0.309017 -0.951057 0 0 0 1 2926.dat
1 25 319.480927 473.065613 0 -0.97237 -0.233445 0 0.233445 -0.97237 0 0 0 1 2926.dat
1 14 301.898773 487.461487 0 -0.987688 -0.156434 0 0.156434 -0.987688 0 0 0 1 2926.dat
1 25 283.259155 499.923645 0 -0.996917 -0.078459 0 0.078459 -0.996917 0 0 0 1 2926.dat
1 14 263.435242 510.484863 0 -1 0 0 -0 -1 0 0 0 1 2926.dat
1 25 243.075623 519.877686 0 -0.996917 0.078459 0 -0.078459 -0.996917 0 0 0 1 2926.dat
1 14 221.905426 528.135742 0 -0.987688 0.156435 0 -0.156435 -0.987688 0 0 0 1 2926.dat
1 25 200.327087 534.228027 0 -0.97237 0.233445 0 -0.233445 -0.97237 0 0 0 1 2926.dat
1 14 177.577881 538.889526 0 -0.951057 0.309017 0 -0.309017 -0.951057 0 0 0 1 2926.dat
1 25 155.312195 541.531128 0 -0.92388 0.382683 0 -0.382683 -0.92388 0 0 0 1 2926.dat
1 14 132.626266 542.84314 0 -0.891007 0.453991 0 -0.453991 -0.891007 0 0 0 1 2926.dat
1 25 110.22142 541.969116 0 -0.85264 0.522499 0 -0.522499 -0.85264 0 0 0 1 2926.dat
1 14 87.800171 539.426392 0 -0.809017 0.587785 0 -0.587785 -0.809017 0 0 0 1 2926.dat
1 25 65.807907 535.058289 0 -0.760406 0.649448 0 -0.649448 -0.760406 0 0 0 1 2926.dat
1 14 43.826889 529.295715 0 -0.707107 0.707107 0 -0.707107 -0.707107 0 0 0 1 2926.dat
1 25 22.788696 521.541016 0 -0.649448 0.760406 0 -0.760406 -0.649448 0 0 0 1 2926.dat
1 14 1.644257 511.940552 0 -0.587785 0.809017 0 -0.809017 -0.587785 0 0 0 1 2926.dat
1 25 -17.921799 500.990234 0 -0.522498 0.85264 0 -0.85264 -0.522498 0 0 0 1 2926.dat
1 14 -37.046265 488.717224 0 -0.45399 0.891007 0 -0.891007 -0.45399 0 0 0 1 2926.dat
1 25 -54.65844 474.840912 0 -0.382683 0.92388 0 -0.92388 -0.382683 0 0 0 1 2926.dat
1 14 -70.828674 459.250824 0 -0.309017 0.951057 0 -0.951057 -0.309017 0 0 0 1 2926.dat
1 25 -86.053268 442.790222 0 -0.233445 0.97237 0 -0.97237 -0.233445 0 0 0 1 2926.dat
1 14 -100.449112 425.208069 0 -0.156434 0.987688 0 -0.987688 -0.156434 0 0 0 1 2926.dat
1 25 -112.911285 406.568451 0 -0.078459 0.996917 0 -0.996917 -0.078459 0 0 0 1 2926.dat
1 14 -124.374512 386.373169 0 0 1 0 -1 0 0 0 0 1 2926.dat
1 25 -133.767334 366.01355 0 0.078459 0.996917 0 -0.996917 0.078459 0 0 0 1 2926.dat
1 14 -142.025421 344.843353 0 0.156435 0.987688 0 -0.987688 0.156435 0 0 0 1 2926.dat
1 25 -148.117691 323.265015 0 0.233446 0.97237 0 -0.97237 0.233446 0 0 0 1 2926.dat
1 14 -151.85553 301.827332 0 0.309017 0.951057 0 -0.951057 0.309017 0 0 0 1 2926.dat
1 25 -154.497177 279.561615 0 0.382684 0.92388 0 -0.92388 0.382684 0 0 0 1 2926.dat
1 14 -155.809143 256.875702 0 0.453991 0.891007 0 -0.891007 0.453991 0 0 0 1 2926.dat
1 25 -154.93515 234.470856 0 0.522499 0.85264 0 -0.85264 0.522499 0 0 0 1 2926.dat
1 14 -152.338593 211.394592 0 0.587785 0.809017 0 -0.809017 0.587785 0 0 0 1 2926.dat
1 25 -147.970459 189.402344 0 0.649448 0.760406 0 -0.760406 0.649448 0 0 0 1 2926.dat
1 14 -142.207886 167.42131 0 0.707107 0.707107 0 -0.707107 0.707107 0 0 0 1 2926.dat
1 25 -134.453201 146.383118 0 0.760406 0.649448 0 -0.649448 0.760406 0 0 0 1 2926.dat
1 14 -124.623016 126.186722 0 0.809017 0.587785 0 -0.587785 0.809017 0 0 0 1 2926.dat
1 25 -113.672714 106.620667 0 0.85264 0.522498 0 -0.522498 0.85264 0 0 0 1 2926.dat
1 14 -101.399643 87.496216 0 0.891007 0.45399 0 -0.45399 0.891007 0 0 0 1 2926.dat
1 25 -87.523346 69.884026 0 0.92388 0.382683 0 -0.382683 0.92388 0 0 0 1 2926.dat
1 14 -71.858795 52.741158 0 0.951057 0.309017 0 -0.309017 0.951057 0 0 0 1 2926.dat
1 25 -55.398209 37.516586 0 0.97237 0.233445 0 -0.233445 0.97237 0 0 0 1 2926.dat
1 14 -37.81604 23.120743 0 0.987688 0.156434 0 -0.156434 0.987688 0 0 0 1 2926.dat
1 25 -19.176422 10.658569 0 0.996917 0.078459 0 -0.078459 0.996917 0 0 0 1 2926.dat
1 25 130 253 -570 0.707107 -0 0.707107 0.5 0.707107 -0.5 -0.5 0.707107 0.5 2926.dat