0 untitled model
0 Name: 
0 Author: BrickCamp (by Tobias Buckdahn)
1 125 -9.956764 0 9.956751 0 0 1 0 1 0 -1 0 0 44728.dat
1 15 -9.956764 16 9.956751 0 0 1 0 1 0 -1 0 0 3004.dat
1 92 10.043231 8 9.956752 1 0 0 0 1 0 0 0 1 3021.dat
1 25 20.043232 0 9.956752 1 0 0 0 1 0 -0 0 1 3022.dat
1 4 -19.956762 0 9.956753 0 0 0.999999 0 1 0 -0.999999 0 0 30602.dat
1 14 20.043232 0 9.956752 0 0 -0.999999 0 1 0 0.999999 0 0 30602.dat
1 125 40.119419 29.698664 9.956757 0 -1 0 0 0 1 -1 0 0 44728.dat
1 15 24.119425 29.698664 9.956753 0 -1 0 0 0 1 -1 0 0 3004.dat
1 92 32.119415 49.698662 9.956755 0 -1 0 1 0 0 0 0 1 3021.dat
1 25 40.119419 59.698662 9.956757 0 -1 0 1 0 0 -0 0 1 3022.dat
1 4 40.119419 19.698666 9.956757 0 -1 0 -0 0 1 -1 0 -0 30602.dat
1 14 40.119419 59.698662 9.956757 0 -1 0 0 0 -1 1 0 0 30602.dat
1 125 9.956741 79.701485 9.956751 0 0 -0.999999 0 -1 -0 -1 0 0 44728.dat
1 15 9.956741 63.701492 9.956751 0 0 -0.999999 0 -1 -0 -1 0 0 3004.dat
1 92 -10.043264 71.701477 9.956751 -0.999999 0 0 -0 -1 0 0 0 1 3021.dat
1 25 -20.043247 79.701477 9.95675 -0.999999 0 0 -0 -1 -0 0 0 1 3022.dat
1 4 19.956726 79.701477 9.956751 0 0 -0.999999 0 -1 -0 -1 0 0 30602.dat
1 14 -20.043247 79.701477 9.95675 -0 0 0.999999 -0 -1 0 1 0 0 30602.dat
1 125 -40.119442 50.002823 9.956751 0 0.999999 0 0 0 -1 -1 0 0 44728.dat
1 15 -24.119453 50.002823 9.956752 0 0.999999 0 0 0 -1 -1 0 0 3004.dat
1 92 -32.119442 30.002827 9.956749 0 0.999999 0 -1 0 0 0 0 1 3021.dat
1 25 -40.119434 20.002827 9.956757 0 0.999999 0 -1 0 -0 -0 0 1 3022.dat
1 4 -40.119434 60.002823 9.956757 0 0.999999 0 0 0 -1 -1 0 -0 30602.dat
1 14 -40.119434 20.002827 9.956757 0 0.999999 -0 -0 0 1 1 0 0 30602.dat
1 125 -117.114311 16 -67.114304 0.707107 0 0.707107 0 1 0 -0.707107 0 0.707107 44728.dat
1 15 -117.114311 80 -67.114304 0.707107 0 0.707107 0 1 0 -0.707107 0 0.707107 3004.dat
1 92 -102.972176 48 -52.972168 0.707107 0 -0.707107 0 1 0 0.707107 0 0.707107 3021.dat
1 25 -95.901108 16 -45.9011 0.707107 0 -0.707106 0 1 0 0.707106 0 0.707107 3022.dat
1 4 -124.185379 -8 -74.185371 0.707106 0 0.707106 0 1 0 -0.707106 0 0.707106 30602.dat
1 14 -95.901108 -8 -45.9011 -0.707106 0 -0.707106 0 1 0 0.707106 0 -0.707106 30602.dat