0 untitled model
0 Name: 
0 Author: BrickCamp (by Tobias Buckdahn)
1 14 -34.199997 29.599998 0.000005 1 0 0 0 1 0 -0 0 1 30386.dat
1 14 -63.999989 8 -0.000001 0.309017 -0.951056 0 0.951057 0.309017 0 -0 -0 1 30386.dat
1 14 -52.608242 -26.969273 0.000001 -0.809017 -0.587785 0 0.587785 -0.809017 0 0 -0 1 30386.dat
1 14 -15.803385 -27.010502 0.00001 -0.809017 0.587785 0 -0.587785 -0.809017 0 -0 -0 1 30386.dat
1 14 -4.472736 7.991089 0.000003 0.309017 0.951056 0 -0.951056 0.309017 0 0 -0 1 30386.dat
1 25 -27.372726 0.591089 0.000006 0.309017 0.951056 0 -0.951056 0.309017 0 0 -0 1 3048.dat
1 25 85.821365 5.587672 -120 1 -0 0 0 1 0 0 0 1 3048.dat
1 25 -41.151287 0.567476 0.000004 0.309017 -0.951056 0 0.951057 0.309017 0 0 0 1 3048.dat
1 25 -38.582111 -7.475256 0.000007 -0.809017 -0.587785 0 0.587785 -0.809017 0 0 -0 1 3048.dat
1 25 -29.688967 -7.47526 0.00001 -0.809017 0.587785 0 -0.587786 -0.809017 0 -0 -0 1 3048.dat
1 14 65.799995 29.599998 93.000008 1 0 -0 0 1 0 0 0 1 30386.dat
1 14 36 8 93 0.309017 -0.951057 -0 0.951057 0.309017 0 0 0 1 30386.dat
1 14 47.391754 -26.969273 93 -0.809017 -0.587785 -0 0.587785 -0.809017 0 -0 0 1 30386.dat
1 14 84.196625 -27.010502 93 -0.809017 0.587785 -0 -0.587785 -0.809017 0 0 0 1 30386.dat
1 14 95.527267 7.991089 93 0.309017 0.951056 -0 -0.951056 0.309017 0 0 0 1 30386.dat
1 25 185.800003 5.599998 -27 0 0 1 0 1 0 -1 0 0 3044b.dat
1 25 58.812687 0.491794 93 0 -0.951057 0.309017 -0 0.309017 0.951056 -1 0 -0 3044b.dat
1 25 61.296185 -7.816757 93.000008 0 -0.587785 -0.809017 0 -0.809017 0.587785 -1 0 -0 3044b.dat
1 25 69.951569 -7.791172 93 0 0.587785 -0.809017 0 -0.809017 -0.587785 -1 0 -0 3044b.dat
1 25 72.687325 0.691794 92.999992 0 0.951057 0.309017 0 0.309017 -0.951056 -1 0 0 3044b.dat
1 14 165.799988 29.599998 190 1 0 -0 0 1 0 0 0 1 30386.dat
1 14 136 8 190 0.309017 -0.951056 -0 0.951057 0.309017 0 0 -0 1 30386.dat
1 14 147.391754 -26.969273 190 -0.809017 -0.587785 -0 0.587785 -0.809017 0 -0 0 1 30386.dat
1 14 184.19664 -27.010502 190 -0.809017 0.587785 -0 -0.587785 -0.809017 0 -0 0 1 30386.dat
1 14 195.527267 7.991089 190 0.309017 0.951056 -0 -0.951056 0.309017 0 -0 0 1 30386.dat
1 25 275.799988 29.599998 70 1 0 0 0 1 0 0 0 1 54200.dat
1 25 175.800003 29.599998 190 -0 0 -1 0 1 0 1 0 -0 54200.dat
1 25 133.101379 -1.438432 190 0 -0.951056 0.309017 0 0.309017 0.951056 -1 -0 0 54200.dat
1 25 139.281708 17.582699 190 -0 -0.951056 -0.309017 0 0.309017 -0.951056 1 -0 -0 54200.dat
1 25 155.238953 -32.786694 190 0 -0.587785 -0.809017 0 -0.809017 0.587785 -1 0 0 54200.dat
1 25 139.058609 -21.030989 190 -0 -0.587785 0.809017 0 -0.809017 -0.587785 1 0 0 54200.dat
1 25 191.846451 -21.017986 190 0 0.587785 -0.809017 0 -0.809017 -0.587785 -1 0 -0 54200.dat
1 25 175.666107 -32.773693 190 -0 0.587785 0.809017 0 -0.809017 0.587785 1 0 0 54200.dat
1 25 192.572266 17.55901 190 0 0.951056 0.309017 0 0.309017 -0.951056 -1 0 0 54200.dat
1 25 198.752609 -1.462124 190 -0 0.951056 -0.309017 0 0.309017 0.951056 1 0 -0 54200.dat
1 25 -34.178631 5.587672 0.000002 1 -0 -0 0 1 0 0 0 1 3048.dat
1 25 65.799995 5.599998 93.000008 0 0 1 0 1 0 -1 0 0 3044b.dat
1 25 155.800003 29.599998 190 0 0 1 0 1 0 -1 0 0 54200.dat