0 Untitled
0 Name: model.ldr
0 Author: BrickCamp (by Tobias Buckdahn)
0 Unofficial Model
0 ROTATION CENTER 0 0 0 1 "Custom" 
0 ROTATION CONFIG 0 0
1 25 0 13 36 1 0 0 0 1 0 0 0 1 6256.dat
1 14 -3 5 74 0 1 0 -1 0 0 0 0 1 3820.dat
1 14 11.722 5 72.108 0 0.913545 0.406737 -1 0 0 0 -0.406737 0.913545 3820.dat
1 14 25.362 5 63.796 0 0.669131 0.743145 -1 0 0 0 -0.743145 0.669131 3820.dat
1 14 34.498 5 50.93 0 0.309017 0.951057 -1 0 0 0 -0.951057 0.309017 3820.dat
1 14 37.503 5 35.255 0 -0.104528 0.994522 -1 0 0 0 -0.994522 -0.104528 3820.dat
1 14 34.108 5 20.496 0 -0.5 0.866025 -1 0 0 0 -0.866025 -0.5 3820.dat
1 14 24.251 5 8.676 0 -0.809017 0.587786 -1 0 0 0 -0.587786 -0.809017 3820.dat
1 14 -4.954 6 -0.29 0 -0.978148 -0.207912 -1 0 0 0 0.207912 -0.978148 3820.dat
1 14 -19.477 5 4.684 0 -0.809017 -0.587786 -1 0 0 0 0.587786 -0.809017 3820.dat
1 14 -30.457 5 14.769 0 -0.5 -0.866026 -1 0 0 0 0.866026 -0.5 3820.dat
1 14 -36.667 5 29.215 0 -0.104528 -0.994523 -1 0 0 0 0.994523 -0.104528 3820.dat
1 14 -36.014 5 45.626 0 0.309017 -0.951057 -1 0 0 0 0.951057 0.309017 3820.dat
1 14 -29.139 5 59.681 0 0.669131 -0.743145 -1 0 0 0 0.743145 0.669131 3820.dat
1 14 -17.833 5 69.686 0 0.913546 -0.406737 -1 0 0 0 0.406737 0.913546 3820.dat
1 14 10.562 5 0.734 0 -0.978148 0.207912 -1 0 0 0 -0.207912 -0.978148 3820.dat
0
