0 untitled model
0 Name: 
0 Author: BrickCamp (by Tobias Buckdahn)
1 15 32.5 0 7.499999 -0 0 1 0 1 0 -1 0 -0 54200.dat
1 71 32.5 0 7.499999 -0 0 1 0 1 0 -1 0 -0 3024.dat
1 15 32.5 8 7.499999 0 0 1 0 -1 0 1 0 -0 54200.dat
1 15 13.964102 -5 7.5 -0 -0.866025 -0.5 0 -0.5 0.866025 -1 -0 0 54200.dat
1 71 13.964102 -5 7.5 -0 -0.866025 -0.5 0 -0.5 0.866025 -1 -0 0 3024.dat
1 15 7.035901 -9 7.499999 0 0.866025 -0.5 0 0.5 0.866025 1 0 0 54200.dat
1 15 27.0359 -19.000002 7.5 -0 0.866025 -0.5 0 -0.5 -0.866025 -1 0 0 54200.dat
1 71 27.0359 -19.000002 7.5 -0 0.866025 -0.5 0 -0.5 -0.866025 -1 0 0 3024.dat
1 15 33.964104 -23.000002 7.499998 0 -0.866025 -0.5 0 0.5 -0.866025 1 -0 0 54200.dat
1 14 9.964102 -33 -2.500002 0.866025 0 -0.5 -0.5 -0 -0.866025 -0 0.999999 0 3622.dat
1 14 9.964102 16 -2.500002 0.866025 -0 0.5 0.5 -0 -0.866025 -0 0.999999 0 3622.dat
1 14 52.964104 -8 -2.500002 -0 0 0.999999 0.999999 -0 0 -0 0.999999 0 3622.dat
1 25 33.964104 7 21.499998 -0.258819 0 0.965925 0.965925 -0 0.258819 -0 0.999999 -0 2420.dat
1 25 6.964104 -8 21.499998 -0.707106 -0 -0.707106 -0.707106 0 0.707106 -0 0.999999 -0 2420.dat
1 25 32.964104 -23 21.499998 0.965925 -0 -0.258819 -0.258819 -0 -0.965925 -0 0.999999 -0 2420.dat
1 15 -157.5 -24 -204.5 -0 0 1 0 1 0 -1 0 -0 54200.dat
1 71 -157.5 -16 -214.5 -0 0 1 0 1 0 -1 0 -0 3024.dat
1 15 -157.5 0 -224.5 0 0 1 0 -1 0 1 0 -0 54200.dat
1 15 -142.035889 -5 -164.5 -0 -0.866025 -0.5 0 -0.5 0.866025 -1 -0 0 54200.dat
1 71 -142.035889 -5 -164.5 -0 -0.866025 -0.5 0 -0.5 0.866025 -1 -0 0 3024.dat
1 15 -148.964096 -9 -164.5 0 0.866025 -0.5 0 0.5 0.866025 1 0 0 54200.dat
1 15 -128.964096 -19.000002 -154.5 -0 0.866025 -0.5 0 -0.5 -0.866025 -1 0 0 54200.dat
1 71 -128.964096 -19.000002 -154.5 -0 0.866025 -0.5 0 -0.5 -0.866025 -1 0 0 3024.dat
1 15 -122.035889 -23.000002 -154.5 0 -0.866025 -0.5 0 0.5 -0.866025 1 -0 0 54200.dat
1 14 -130.035889 -33 -124.5 0.866025 0 -0.5 -0.5 -0 -0.866025 -0 0.999999 0 3622.dat
1 14 -130.035889 16 -124.5 0.866025 -0 0.5 0.5 -0 -0.866025 -0 0.999999 0 3622.dat
1 14 -87.035896 -8 -124.5 -0 0 0.999999 0.999999 -0 0 -0 0.999999 0 3622.dat
1 25 -66.035896 7 -70.5 -0.258819 0 0.965925 0.965925 -0 0.258819 -0 0.999999 -0 2420.dat
1 25 -93.035896 -8 -70.5 -0.707106 -0 -0.707106 -0.707106 0 0.707106 -0 0.999999 -0 2420.dat
1 25 -67.035896 -23 -70.5 0.965925 -0 -0.258819 -0.258819 -0 -0.965925 -0 0.999999 -0 2420.dat