0 Untitled
0 Name: 
0 Author: BrickCamp (by Tobias Buckdahn)
1 7 0 0 0 -1 0 0 0 1 0 0 0 -1 4185.dat
1 7 0 0 -10 -1 0 0 0 1 0 0 0 -1 4185.dat
1 7 0 20 -15 0 0 1 0 1 0 -1 0 0 32002.dat
1 7 0 -20 -15 0 0 1 0 1 0 -1 0 0 32002.dat
1 7 17 -10 -15 0 0 1 0 1 0 -1 0 0 32002.dat
1 7 17 10 -15 0 0 1 0 1 0 -1 0 0 32002.dat
1 7 -17 10 -15 0 0 1 0 1 0 -1 0 0 32002.dat
1 7 -17 -9 -15 0 0 1 0 1 0 -1 0 0 32002.dat
1 0 34.321 -19.889 -16 0 -0.5 0.866025 0 -0.866025 -0.5 1 0 0 32126.dat
1 7 51.642 -29.89 -16 -0.866025 -0.5 0 0.5 -0.866025 0 0 0 1 4519.dat
1 14 51.642 -29.89 -16 -0.866025 -0.5 0 0.5 -0.866025 0 0 0 1 6536.dat
1 0 41.643 -47.21 -26 0 -0.866025 -0.5 0 0.5 -0.866025 1 0 0 3673.dat
1 4 68.962 -39.889 -16 0 -0.866025 -0.5 0 0.5 -0.866025 1 0 0 2825.dat
1 0 -34.162 20.111 -16 0 0.5 -0.866025 0 0.866025 0.5 1 0 0 32126.dat
1 7 -51.482 30.111 -16 0.866025 0.5 0 -0.5 0.866025 0 0 0 1 4519.dat
1 14 -51.482 30.111 -16 0.866025 0.5 0 -0.5 0.866025 0 0 0 1 6536.dat
1 0 -41.483 47.434 -26 0 0.866025 0.5 0 -0.5 0.866025 1 0 0 3673.dat
1 4 -68.802 40.111 -16 0 0.866025 0.5 0 -0.5 0.866025 1 0 0 2825.dat
1 0 0 -40 -16 0 -1 0 0 0 -1 1 0 0 32126.dat
1 7 0 -60 -16 0 -1 0 1 0 0 0 0 1 4519.dat
1 14 0 -60 -16 0 -1 0 1 0 0 0 0 1 6536.dat
1 0 -20 -60 -26 0 0 -1 0 1 0 1 0 0 3673.dat
1 4 0 -80 -16 0 0 -1 0 1 0 1 0 0 2825.dat
1 0 0 40 -16 0 1 0 0 0 1 1 0 0 32126.dat
1 7 0 60 -16 0 1 0 -1 0 0 0 0 1 4519.dat
1 14 0 60 -16 0 1 0 -1 0 0 0 0 1 6536.dat
1 0 20.002 60.002 -26 0 0 1 0 -1 0 1 0 0 3673.dat
1 4 0 80 -16 0 0 1 0 -1 0 1 0 0 2825.dat
1 0 -34.82 -19.689 -16 0 -0.5 -0.866025 0 0.866025 -0.5 1 0 0 32126.dat
1 7 -52.141 -29.69 -16 0.866025 -0.5 0 0.5 0.866025 0 0 0 1 4519.dat
1 14 -52.141 -29.69 -16 0.866025 -0.5 0 0.5 0.866025 0 0 0 1 6536.dat
1 0 -62.141 -12.367 -26 0 0.866025 -0.5 0 0.5 0.866025 1 0 0 3673.dat
1 4 -69.461 -39.689 -16 0 0.866025 -0.5 0 0.5 0.866025 1 0 0 2825.dat
1 0 34.463 20.311 -16 0 0.5 0.866025 0 -0.866025 0.5 1 0 0 32126.dat
1 7 51.783 30.311 -16 -0.866025 0.5 0 -0.5 -0.866025 0 0 0 1 4519.dat
1 14 51.783 30.311 -16 -0.866025 0.5 0 -0.5 -0.866025 0 0 0 1 6536.dat
1 0 61.786 12.99 -26 0 -0.866025 0.5 0 -0.5 -0.866025 1 0 0 3673.dat
1 4 69.103 40.311 -16 0 -0.866025 0.5 0 -0.5 -0.866025 1 0 0 2825.dat
1 7 0 0 -50 0 -1 0 1 0 0 0 0 1 4185.dat
1 7 0 0 -40 0 -1 0 1 0 0 0 0 1 4185.dat
1 7 -20 0 -35 0 -1 0 0 0 -1 1 0 0 32002.dat
1 7 20 0 -35 0 -1 0 0 0 -1 1 0 0 32002.dat
1 7 10 -17 -35 0 -1 0 0 0 -1 1 0 0 32002.dat
1 7 -10 -17 -35 0 -1 0 0 0 -1 1 0 0 32002.dat
1 7 -10 17 -35 0 -1 0 0 0 -1 1 0 0 32002.dat
1 7 9 17 -35 0 -1 0 0 0 -1 1 0 0 32002.dat
1 0 18.889 -34.321 -36 0 0.866025 0.5 0 0.5 -0.866025 -1 0 0 32126.dat
1 7 -29.89 -51.642 -36 0.5 -0.866025 0 0.866025 0.5 0 0 0 1 4519.dat
1 14 -29.89 -51.642 -36 0.5 -0.866025 0 0.866025 0.5 0 0 0 1 6536.dat
1 0 -47.21 -41.643 -26 0 0.5 -0.866025 0 0.866025 0.5 1 0 0 3673.dat
1 4 -39.889 -68.962 -36 0 0.5 -0.866025 0 0.866025 0.5 1 0 0 2825.dat
1 0 -21.111 34.162 -36 0 -0.866025 -0.5 0 -0.5 0.866025 -1 0 0 32126.dat
1 7 30.111 51.482 -36 -0.5 0.866025 0 -0.866025 -0.5 0 0 0 1 4519.dat
1 14 30.111 51.482 -36 -0.5 0.866025 0 -0.866025 -0.5 0 0 0 1 6536.dat
1 0 47.434 41.483 -26 0 -0.5 0.866025 0 -0.866025 -0.5 1 0 0 3673.dat
1 4 40.111 68.802 -36 0 -0.5 0.866025 0 -0.866025 -0.5 1 0 0 2825.dat
1 0 39 0 -36 0 0 1 0 1 0 -1 0 0 32126.dat
1 7 -60 0 -36 1 0 0 0 1 0 0 0 1 4519.dat
1 14 -60 0 -36 1 0 0 0 1 0 0 0 1 6536.dat
1 0 -60 20 -26 0 1 0 0 0 1 1 0 0 3673.dat
1 4 -80 0 -36 0 1 0 0 0 1 1 0 0 2825.dat
1 0 -41 0 -36 0 0 -1 0 -1 0 -1 0 0 32126.dat
1 7 60 0 -36 -1 0 0 0 -1 0 0 0 1 4519.dat
1 14 60 0 -36 -1 0 0 0 -1 0 0 0 1 6536.dat
1 0 60.002 -20.002 -26 0 -1 0 0 0 -1 1 0 0 3673.dat
1 4 80 0 -36 0 -1 0 0 0 -1 1 0 0 2825.dat
1 0 18.689 34.82 -36 0 -0.866025 0.5 0 0.5 0.866025 -1 0 0 32126.dat
1 7 -29.69 52.141 -36 0.5 0.866025 0 -0.866025 0.5 0 0 0 1 4519.dat
1 14 -29.69 52.141 -36 0.5 0.866025 0 -0.866025 0.5 0 0 0 1 6536.dat
1 0 -12.367 62.141 -26 0 0.5 0.866025 0 -0.866025 0.5 1 0 0 3673.dat
1 4 -39.689 69.461 -36 0 0.5 0.866025 0 -0.866025 0.5 1 0 0 2825.dat
1 0 -21.311 -34.463 -36 0 0.866025 -0.5 0 -0.5 -0.866025 -1 0 0 32126.dat
1 7 30.311 -51.783 -36 -0.5 -0.866025 0 0.866025 -0.5 0 0 0 1 4519.dat
1 14 30.311 -51.783 -36 -0.5 -0.866025 0 0.866025 -0.5 0 0 0 1 6536.dat
1 0 12.99 -61.786 -26 0 -0.5 -0.866025 0 0.866025 -0.5 1 0 0 3673.dat
1 4 40.311 -69.103 -36 0 -0.5 -0.866025 0 0.866025 -0.5 1 0 0 2825.dat
1 0 0 0 -27 0 0 -1 0 1 0 1 0 0 3706.dat
0
