0 untitled model
0 Name: 
0 Author: BrickCamp (by Tobias Buckdahn)
1 14 -61.984871 -0.000004 -93.793892 -0.707107 0 -0.707107 0 1 0 0.707107 0 -0.707107 60470a.dat
1 14 -76.127007 -0.000004 -107.936028 0.707107 0 0.707107 0 1 0 -0.707107 0 0.707107 48336.dat
1 25 -69.055939 8 -100.86496 0.707107 0 0.707107 0 1 0 -0.707107 0 0.707107 3022.dat
1 25 -69.055939 -8 -100.86496 0.707107 0 0.707107 0 1 0 -0.707107 0 0.707107 3022.dat
1 14 -37.730186 39.84359 -69.539207 -0.707107 -0.672499 -0.218508 0 0.309017 -0.951056 0.707107 -0.672499 -0.218508 60470a.dat
1 14 -42.100349 20.822453 -73.90937 0.707107 -0.672499 0.218508 0 0.309017 0.951056 -0.707107 -0.672499 0.218508 48336.dat
1 25 -45.295254 32.805161 -77.104279 0.707107 -0.672499 0.218508 0 0.309017 0.951056 -0.707107 -0.672499 0.218508 3022.dat
1 25 -34.535278 27.860886 -66.344299 0.707107 -0.672499 0.218508 0 0.309017 0.951056 -0.707107 -0.672499 0.218508 3022.dat
1 14 -56.797684 84.80146 -88.606705 -0.707107 -0.415627 0.572061 0 -0.809017 -0.587785 0.707107 -0.415627 0.572061 60470a.dat
1 14 -45.356453 73.045761 -77.165474 0.707107 -0.415627 -0.572061 0 -0.809017 0.587785 -0.707107 -0.415627 -0.572061 48336.dat
1 25 -54.402084 72.451477 -86.211105 0.707107 -0.415627 -0.572061 0 -0.809017 0.587785 -0.707107 -0.415627 -0.572061 3022.dat
1 25 -47.752052 85.395744 -79.561073 0.707107 -0.415627 -0.572061 0 -0.809017 0.587785 -0.707107 -0.415627 -0.572061 3022.dat
1 14 -92.980202 72.729111 -124.789223 -0.707107 0.415627 0.572061 0 -0.809017 0.587785 0.707107 0.415627 0.572061 60470a.dat
1 14 -81.538971 84.484825 -113.347992 0.707107 0.415627 -0.572061 0 -0.809017 -0.587785 -0.707107 0.415627 -0.572061 48336.dat
1 25 -83.934578 72.134827 -115.743599 0.707107 0.415627 -0.572061 0 -0.809017 -0.587785 -0.707107 0.415627 -0.572061 3022.dat
1 25 -90.58461 85.079102 -122.393631 0.707107 0.415627 -0.572061 0 -0.809017 -0.587785 -0.707107 0.415627 -0.572061 3022.dat
1 14 -96.281616 20.920341 -128.090637 -0.707107 0.672499 -0.218508 0 0.309017 0.951056 0.707107 0.672499 -0.218508 60470a.dat
1 14 -100.651779 39.941475 -132.4608 0.707107 0.672499 0.218508 0 0.309017 -0.951056 -0.707107 0.672499 0.218508 48336.dat
1 25 -93.086716 32.903046 -124.895737 0.707107 0.672499 0.218508 0 0.309017 -0.951056 -0.707107 0.672499 0.218508 3022.dat
1 25 -103.84668 27.958773 -135.655701 0.707107 0.672499 0.218508 0 0.309017 -0.951056 -0.707107 0.672499 0.218508 3022.dat
1 14 -119 7.999998 -181 0 0 -1 0 1 0 1 0 0 60470a.dat
1 14 -139 7.999998 -181 0 0 1 0 1 0 -1 0 0 48336.dat
1 25 -129 32 -181 0 0 1 0 1 0 -1 0 0 3022.dat
1 25 -129 -16 -181 0 0 1 0 1 0 -1 0 0 3022.dat
1 14 -119 96 -181 0 0 -1 0 1 0 1 0 0 60470a.dat
1 14 -139 96 -181 0 0 1 0 1 0 -1 0 0 48336.dat
1 25 -129 104 -181 0 0 1 0 1 0 -1 0 0 3022.dat
1 25 -129 88 -181 0 0 1 0 1 0 -1 0 0 3022.dat