0 Untitled
0 Name: model.ldr
0 Author: BrickCamp (by Tobias Buckdahn)
0 Unofficial Model
0 ROTATION CENTER 0 0 0 1 "Custom" 
0 ROTATION CONFIG 0 0
1 14 0 -16 50 1 0 0 0 1 0 0 0 1 4070.dat
1 25 0 -16.773 66.537 1 0 0 0 0.987688 -0.156434 0 0.156434 0.987688 4070.dat
1 14 0 -20.491 82.739 1 0 0 0 0.951057 -0.309017 0 0.309017 0.951057 4070.dat
1 25 0 -26.336 98.228 1 0 0 0 0.891007 -0.45399 0 0.45399 0.891007 4070.dat
1 14 0 -34.644 113.09 1 0 0 0 0.809017 -0.587785 0 0.587785 0.809017 4070.dat
1 25 0 -44.99 126.014 1 0 0 0 0.707107 -0.707106 0 0.707106 0.707107 4070.dat
1 14 0 -57.521 136.937 1 0 0 0 0.587786 -0.809017 0 0.809017 0.587786 4070.dat
1 25 0 -71.354 146.032 1 0 0 0 0.453991 -0.891006 0 0.891006 0.453991 4070.dat
1 14 0 -87.052 152.84 1 0 0 0 0.309018 -0.951057 0 0.951057 0.309018 4070.dat
1 25 0 -103.018 157.215 1 0 0 0 0.156435 -0.987689 0 0.987689 0.156435 4070.dat
1 14 0 -119 158 1 0 0 0 0 -1 0 1 0 4070.dat
1 25 0 -135.536 157.226 1 0 0 0 -0.156434 -0.987688 0 0.987688 -0.156434 4070.dat
1 14 0 -151.738 153.509 1 0 0 0 -0.309017 -0.951057 0 0.951057 -0.309017 4070.dat
1 25 0 -167.228 147.664 1 0 0 0 -0.45399 -0.891007 0 0.891007 -0.45399 4070.dat
1 14 0 -182.091 139.355 1 0 0 0 -0.587785 -0.809017 0 0.809017 -0.587785 4070.dat
1 25 0 -195.014 129.01 1 0 0 0 -0.707106 -0.707106 0 0.707106 -0.707106 4070.dat
1 14 0 -205.938 116.478 1 0 0 0 -0.809017 -0.587786 0 0.587786 -0.809017 4070.dat
1 25 0 -215.032 102.646 1 0 0 0 -0.891006 -0.453991 0 0.453991 -0.891006 4070.dat
1 14 0 -221.84 86.948 1 0 0 0 -0.951057 -0.309018 0 0.309018 -0.951057 4070.dat
1 25 0 -226.216 70.983 1 0 0 0 -0.987689 -0.156435 0 0.156435 -0.987689 4070.dat
1 14 0 -228 54 1 0 0 0 -1 0 0 0 -1 4070.dat
1 25 0 -227.227 37.463 1 0 0 0 -0.987688 0.156434 0 -0.156434 -0.987688 4070.dat
1 14 0 -223.508 21.261 1 0 0 0 -0.951057 0.309017 0 -0.309017 -0.951057 4070.dat
1 25 0 -217.664 5.772 1 0 0 0 -0.891007 0.45399 0 -0.45399 -0.891007 4070.dat
1 14 0 -209.356 -9.09 1 0 0 0 -0.809017 0.587785 0 -0.587785 -0.809017 4070.dat
1 25 0 -199.01 -22.014 1 0 0 0 -0.707106 0.707106 0 -0.707106 -0.707106 4070.dat
1 14 0 -186.479 -32.937 1 0 0 0 -0.587786 0.809017 0 -0.809017 -0.587786 4070.dat
1 25 0 -172.646 -42.032 1 0 0 0 -0.453991 0.891006 0 -0.891006 -0.453991 4070.dat
1 14 0 -156.948 -48.84 1 0 0 0 -0.309018 0.951057 0 -0.951057 -0.309018 4070.dat
1 25 0 -140.982 -53.214 1 0 0 0 -0.156435 0.987689 0 -0.987689 -0.156435 4070.dat
1 14 0 -125 -54.001 1 0 0 0 0 1 0 -1 0 4070.dat
1 25 0 -108.464 -53.226 1 0 0 0 0.156434 0.987688 0 -0.987688 0.156434 4070.dat
1 14 0 -92.262 -49.509 1 0 0 0 0.309017 0.951057 0 -0.951057 0.309017 4070.dat
1 25 0 -76.772 -43.664 1 0 0 0 0.45399 0.891007 0 -0.891007 0.45399 4070.dat
1 14 0 -61.908 -35.355 1 0 0 0 0.587785 0.809017 0 -0.809017 0.587785 4070.dat
1 25 0 -48.985 -25.01 1 0 0 0 0.707106 0.707106 0 -0.707106 0.707106 4070.dat
1 14 0 -38.063 -12.478 1 0 0 0 0.809017 0.587786 0 -0.587786 0.809017 4070.dat
1 25 0 -28.968 1.354 1 0 0 0 0.891006 0.453991 0 -0.453991 0.891006 4070.dat
1 14 0 -22.16 17.052 1 0 0 0 0.951057 0.309018 0 -0.309018 0.951057 4070.dat
1 25 0 -17.784 33.017 1 0 0 0 0.987689 0.156435 0 -0.156435 0.987689 4070.dat
1 14 3.031 -135.313 49.822 0.606268 -0.176694 0.775383 0.207183 0.976429 0.060513 -0.767799 0.123959 0.628586 4070.dat
0
