0 untitled model
0 Name: 
0 Author: BrickCamp (by Tobias Buckdahn)
1 4 30 -4 20 1 0 0 0 1 0 -0 0 1 4733.dat
1 25 30 6 35 1 0 0 0 0 1 0 -1 0 30162.dat
1 25 15 6 20 -0 0.999999 0 0 0 1 0.999999 0 0 30162.dat
1 25 30 6 5 -0.999999 0 0 0 0 1 0 0.999999 0 30162.dat
1 25 45 6 20 -0 -0.999999 0 0 0 1 -0.999999 0 0 30162.dat
1 14 54 -28 30 -0 -0.906307 -0.422618 0.999999 -0 -0 0 -0.422618 0.906307 3938.dat
1 14 54 -28 10 -0 -0.906307 0.422618 0.999999 -0 0 0 0.422618 0.906307 3938.dat
1 14 40 -28 -3.999998 -0 -0.422618 0.906307 0.999999 -0 0 0 0.906307 0.422618 3938.dat
1 14 20 -28 -4 -0 0.422618 0.906307 0.999999 -0 0 0 0.906307 -0.422618 3938.dat
1 14 5.830013 -28 10.038315 0 0.906307 0.422618 0.999999 -0 -0 0 0.422618 -0.906307 3938.dat
1 14 5.830019 -28 30.038313 0 0.906307 -0.422618 0.999999 -0 0 0 -0.422618 -0.906307 3938.dat
1 14 19.830017 -28 44.038307 0 0.422618 -0.906307 0.999999 -0 0 -0 -0.906307 -0.422618 3938.dat
1 14 39.830009 -28 44.038307 0 -0.422618 -0.906307 0.999999 -0 0 -0 -0.906307 0.422618 3938.dat
1 4 30 -52 20 -1 0 0 -0 -1 0 0 0 1 4733.dat
1 25 30 -62 35 -1 0 0 -0 0 -1 0 -1 0 30162.dat
1 25 45 -62 20 0 -0.999999 0 0 -0 -1 0.999999 0 0 30162.dat
1 25 30 -62 5 0.999999 0 0 0 0 -1 0 0.999999 0 30162.dat
1 25 15 -62 20 0 0.999999 0 0 0 -1 -0.999999 0 0 30162.dat
1 4 -49.999981 51.999985 -49.999992 1 0 -0 0 1 0 -0 0 1 4733.dat
1 25 -50.000008 61.999992 -35 1 0 0 0 0 1 -0 -1 0 30162.dat
1 25 -65 61.999985 -50 0 0.999999 0 0 0 1 0.999999 0 0 30162.dat
1 25 -50 61.999992 -81 -0.999999 0 0 0 0 1 -0 0.999999 0 30162.dat
1 25 -19 61.999985 -49.999992 -0 -0.999999 0 0 0 1 -0.999999 -0 0 30162.dat
1 14 -26.000002 -27.999998 -39.999992 -0 -0.906307 -0.422618 0.999999 0 0 -0 -0.422618 0.906307 3938.dat
1 14 -26.000004 -18.000004 -60.000008 -0 -0.906307 0.422618 0.999999 0 0 -0 0.422618 0.906307 3938.dat
1 14 -40.000008 -8.000021 -73.999985 -0 -0.422618 0.906307 0.999999 -0 0 0 0.906307 0.422618 3938.dat
1 14 -60.000008 1.999992 -74 -0 0.422618 0.906307 0.999999 -0 0 0 0.906307 -0.422618 3938.dat
1 14 -74.169998 11.999977 -59.961678 0 0.906307 0.422618 0.999999 0 0 0 0.422618 -0.906307 3938.dat
1 14 -74.169983 -58.000008 -39.961678 0 0.906307 -0.422618 0.999999 0 0 0 -0.422618 -0.906307 3938.dat
1 14 -60.169983 -48.000004 -25.9617 0 0.422618 -0.906307 0.999999 -0 0 -0 -0.906307 -0.422618 3938.dat
1 14 -40.169991 -37.999989 -25.9617 0 -0.422618 -0.906307 0.999999 -0 0 -0 -0.906307 0.422618 3938.dat
1 4 -50.000004 -91.999969 -50 -1 0 -0 -0 -1 0 0 0 1 4733.dat
1 25 -50 -101.999992 -19.000015 -1 0 0 -0 0 -1 0 -1 0 30162.dat
1 25 -19.000017 -101.999977 -49.999992 0 -0.999999 0 0 -0 -1 0.999999 0 0 30162.dat
1 25 -50 -101.999977 -80.999985 0.999999 0 0 0 0 -1 0 0.999999 0 30162.dat
1 25 -80.999985 -101.999977 -50 -0 0.999999 0 0 0 -1 -0.999999 -0 0 30162.dat