0 untitled model
0 Name: 
0 Author: BrickCamp (by Tobias Buckdahn)n
1 4 -10 -24 10 1 0 0 0 1 0 -0 0 1 3003.dat
1 335 0 0 0 1 0 0 0 1 0 -0 0 1 3062b.dat
1 335 0 -48 0 1 0 0 0 1 0 -0 0 1 3062b.dat
1 14 7 -48 32 0.965926 0 -0.258819 0 1 0 0.258819 0 0.965926 3003.dat
1 14 7 0 32 0.965926 0 -0.258819 0 1 0 0.258819 0 0.965926 3003.dat
1 25 19.247448 -24 24.928932 0.965926 0 -0.258819 0 1 0 0.258819 0 0.965926 3062b.dat
1 14 -58.183838 -24 -17.851456 0.866025 0 0.5 0 1 0 -0.5 0 0.866025 3003.dat
1 25 -54.523582 0 -31.511709 0.866025 0 0.5 0 1 0 -0.5 0 0.866025 3062b.dat
1 25 -54.523582 -48 -31.511709 0.866025 0 0.5 0 1 0 -0.5 0 0.866025 3062b.dat
1 4 -32.461407 -48 -7.298897 0.965926 0 0.258819 0 1 0 -0.258819 0 0.965926 3003.dat
1 4 -32.461407 0 -7.298897 0.965926 0 0.258819 0 1 0 -0.258819 0 0.965926 3003.dat
1 335 -25.390339 -24 -19.546345 0.965926 0 0.258819 0 1 0 -0.258819 0 0.965926 3062b.dat
1 14 -113.745079 -24 -17.895794 0.5 0 0.866025 0 1 0 -0.866025 0 0.5 3003.dat
1 25 -117.405334 0 -31.556046 0.5 0 0.866025 0 1 0 -0.866025 0 0.5 3062b.dat
1 25 -117.405334 -48 -31.556046 0.5 0 0.866025 0 1 0 -0.866025 0 0.5 3062b.dat
1 14 -86.19252 -48 -21.618229 0.707107 0 0.707107 0 1 0 -0.707107 0 0.707107 3003.dat
1 14 -86.19252 0 -21.618229 0.707107 0 0.707107 0 1 0 -0.707107 0 0.707107 3003.dat
1 25 -86.19252 -24 -35.760365 0.707107 0 0.707107 0 1 0 -0.707107 0 0.707107 3062b.dat
1 14 -161.957062 -24 9.90691 -0 0 1 0 1 0 -1 0 -0 3003.dat
1 25 -171.957062 0 -0.09309 -0 0 1 0 1 0 -1 0 -0 3062b.dat
1 25 -171.957062 -48 -0.09309 -0 0 1 0 1 0 -1 0 -0 3062b.dat
1 14 -139.957062 -48 -7.093092 0.258819 0 0.965926 0 1 0 -0.965926 0 0.258819 3003.dat
1 14 -139.957062 0 -7.093092 0.258819 0 0.965926 0 1 0 -0.965926 0 0.258819 3003.dat
1 25 -147.028137 -24 -19.340538 0.258819 0 0.965926 0 1 0 -0.965926 0 0.258819 3062b.dat
1 14 -189.04097 -24 57.452522 -0.5 0 0.866025 0 1 0 -0.866025 0 -0.5 3003.dat
1 25 -202.701233 0 53.792267 -0.5 0 0.866025 0 1 0 -0.866025 0 -0.5 3062b.dat
1 25 -202.701233 -48 53.792267 -0.5 0 0.866025 0 1 0 -0.866025 0 -0.5 3062b.dat
1 14 -178.488403 -48 31.73008 -0.258819 0 0.965926 0 1 0 -0.965926 0 -0.258819 3003.dat
1 14 -178.488403 0 31.73008 -0.258819 0 0.965926 0 1 0 -0.965926 0 -0.258819 3003.dat
1 25 -190.735855 -24 24.659019 -0.258819 0 0.965926 0 1 0 -0.965926 0 -0.258819 3062b.dat
1 14 -189.069122 -24 113.106674 -0.866025 0 0.5 0 1 0 -0.5 0 -0.866025 3003.dat
1 25 -202.72937 0 116.76693 -0.866025 0 0.5 0 1 0 -0.5 0 -0.866025 3062b.dat
1 25 -202.72937 -48 116.76693 -0.866025 0 0.5 0 1 0 -0.5 0 -0.866025 3062b.dat
1 14 -192.79155 -48 85.554123 -0.707107 0 0.707107 0 1 0 -0.707107 0 -0.707107 3003.dat
1 14 -192.79155 0 85.554123 -0.707107 0 0.707107 0 1 0 -0.707107 0 -0.707107 3003.dat
1 25 -206.933685 -24 85.554115 -0.707107 0 0.707107 0 1 0 -0.707107 0 -0.707107 3062b.dat
1 14 -161.326889 -24 161.246292 -1 0 -0 0 1 0 0 0 -1 3003.dat
1 25 -171.326889 0 171.246277 -1 0 -0 0 1 0 0 0 -1 3062b.dat
1 25 -171.326889 -48 171.246277 -1 0 -0 0 1 0 0 0 -1 3062b.dat
1 14 -178.326904 -48 139.246292 -0.965926 0 0.258819 0 1 0 -0.258819 0 -0.965926 3003.dat
1 14 -178.326904 0 139.246292 -0.965926 0 0.258819 0 1 0 -0.258819 0 -0.965926 3003.dat
1 25 -190.574341 -24 146.317352 -0.965926 0 0.258819 0 1 0 -0.258819 0 -0.965926 3062b.dat
1 14 -113.143051 -24 189.097733 -0.866025 0 -0.5 0 1 0 0.5 0 -0.866025 3003.dat
1 25 -116.803299 0 202.757996 -0.866025 0 -0.5 0 1 0 0.5 0 -0.866025 3062b.dat
1 25 -116.803299 -48 202.757996 -0.866025 0 -0.5 0 1 0 0.5 0 -0.866025 3062b.dat
1 14 -138.865479 -48 178.545181 -0.965926 0 -0.258819 0 1 0 0.258819 0 -0.965926 3003.dat
1 14 -138.865479 0 178.545181 -0.965926 0 -0.258819 0 1 0 0.258819 0 -0.965926 3003.dat
1 25 -145.936554 -24 190.792633 -0.965926 0 -0.258819 0 1 0 0.258819 0 -0.965926 3062b.dat
1 14 -57.652298 -24 188.436066 -0.5 0 -0.866025 0 1 0 0.866025 0 -0.5 3003.dat
1 25 -53.992043 0 202.096329 -0.5 0 -0.866025 0 1 0 0.866025 0 -0.5 3062b.dat
1 25 -53.992043 -48 202.096329 -0.5 0 -0.866025 0 1 0 0.866025 0 -0.5 3062b.dat
1 14 -85.204865 -48 192.158508 -0.707107 0 -0.707107 0 1 0 0.707107 0 -0.707107 3003.dat
1 14 -85.204865 0 192.158508 -0.707107 0 -0.707107 0 1 0 0.707107 0 -0.707107 3003.dat
1 25 -85.204865 -24 206.300629 -0.707107 0 -0.707107 0 1 0 0.707107 0 -0.707107 3062b.dat
1 14 -9.440308 -24 160.633377 -0 0 -1 0 1 0 1 0 -0 3003.dat
1 25 0.559692 0 170.633377 -0 0 -1 0 1 0 1 0 -0 3062b.dat
1 25 0.559692 -48 170.633377 -0 0 -1 0 1 0 1 0 -0 3062b.dat
1 14 -31.440308 -48 177.633362 -0.258819 0 -0.965926 0 1 0 0.965926 0 -0.258819 3003.dat
1 14 -31.440308 0 177.633362 -0.258819 0 -0.965926 0 1 0 0.965926 0 -0.258819 3003.dat
1 25 -24.36924 -24 189.880829 -0.258819 0 -0.965926 0 1 0 0.965926 0 -0.258819 3062b.dat
1 14 18.378716 -24 112.538101 0.5 0 -0.866025 0 1 0 0.866025 0 0.5 3003.dat
1 25 32.038963 0 116.198349 0.5 0 -0.866025 0 1 0 0.866025 0 0.5 3062b.dat
1 25 32.038963 -48 116.198349 0.5 0 -0.866025 0 1 0 0.866025 0 0.5 3062b.dat
1 14 7.826157 -48 138.260529 0.258819 0 -0.965926 0 1 0 0.965926 0 0.258819 3003.dat
1 14 7.826157 0 138.260529 0.258819 0 -0.965926 0 1 0 0.965926 0 0.258819 3003.dat
1 25 20.073605 -24 145.331604 0.258819 0 -0.965926 0 1 0 0.965926 0 0.258819 3062b.dat
1 14 18.40686 -24 56.883942 0.866025 0 -0.5 0 1 0 0.5 0 0.866025 3003.dat
1 25 32.06712 0 53.223686 0.866025 0 -0.5 0 1 0 0.5 0 0.866025 3062b.dat
1 25 32.06712 -48 53.223686 0.866025 0 -0.5 0 1 0 0.5 0 0.866025 3062b.dat
1 14 22.129295 -48 84.436508 0.707107 0 -0.707107 0 1 0 0.707107 0 0.707107 3003.dat
1 14 22.129295 0 84.436508 0.707107 0 -0.707107 0 1 0 0.707107 0 0.707107 3003.dat
1 25 36.271431 -24 84.436493 0.707107 0 -0.707107 0 1 0 0.707107 0 0.707107 3062b.dat