0 untitled model
0 Name: 
0 Author: BrickCamp (by Tobias Buckdahn)
1 4 -40 -13 -79 1 0 0 0 1 0 -0 0 1 15071.dat
1 25 -40 2 -51 1 0 0 -0 0.923879 -0.382683 0 0.382683 0.923879 15071.dat
1 4 -40 5 -20 1 -0 0 -0 0.707107 -0.707107 0 0.707107 0.707107 15071.dat
1 25 -40 -4 10 1 -0 0 -0 0.382683 -0.923879 0 0.923879 0.382683 15071.dat
1 4 -39.999996 -126.307182 -89.847549 1 0 0 0 0 1 0 -1 0 15071.dat
1 25 -40 -98.30719 -104.847549 1 0 0 0 0.382683 0.923879 0 -0.923879 0.382683 15071.dat
1 4 -40 -67.307198 -107.847549 1 0 0 0 0.707107 0.707107 0 -0.707107 0.707107 15071.dat
1 25 -40.000004 -37.30719 -98.847542 1 0 0 0 0.923879 0.382683 0 -0.382683 0.923879 15071.dat
1 4 -39.999996 -137.472382 23.738808 1 0 0 0 -1 0 0 0 -1 15071.dat
1 25 -39.999996 -152.472366 -4.261192 1 0 0 0 -0.923879 0.382683 0 -0.382683 -0.923879 15071.dat
1 4 -40 -155.472351 -35.261169 1 0 0 0 -0.707107 0.707107 0 -0.707107 -0.707107 15071.dat
1 25 -39.999992 -146.472351 -65.261162 1 0 0 0 -0.382683 0.923879 0 -0.923879 -0.382683 15071.dat
1 4 -39.999992 -24.165207 34.586357 1 0 0 0 0 -1 0 1 0 15071.dat
1 25 -39.999996 -52.165203 49.586365 1 0 0 0 -0.382683 -0.923879 0 0.923879 -0.382683 15071.dat
1 4 -39.999992 -83.165192 52.586334 1 0 0 0 -0.707107 -0.707107 0 0.707107 -0.707107 15071.dat
1 25 -40 -113.165192 43.586353 1 0 0 0 -0.923879 -0.382683 0 0.382683 -0.923879 15071.dat
1 0 -40 -68.472351 -21.261169 0.683013 -0.258819 -0.683012 0.183013 0.965925 -0.183013 0.707107 -0 0.707106 15071.dat