0 SNIR_Hypotechnik
0 Name: 
0 Author: BrickCamp (by Tobias Buckdahn)
1 14 -39.999996 -8 -20 1 0 0 0 1 0 0 0 1 2429.dat
1 14 -39.999981 -8 -19.999983 -0.601456 0 0.798906 0 1 0 -0.798906 0 -0.601456 2430.dat
1 14 -70 0 -10 1 0 0 0 1 0 0 0 1 3623.dat
1 14 -79.999992 -8 -40 0 0 -1 0 1 0 1 0 0 2430.dat
1 14 -80 -8 -40.000004 -0.801636 0 -0.597812 0 1 0 0.597812 0 -0.801636 2429.dat
1 14 -50.054585 0 -49.981731 -0.601456 0 0.798906 0 1 0 -0.798906 0 -0.601456 3623.dat
1 14 80.000008 -8.000008 -20.000002 1 0 0 0 1 0 0 0 1 2429.dat
1 14 80.000008 -8.000008 -19.999964 -0.791581 0 0.611064 0 1 0 -0.611064 0 -0.791581 2430.dat
1 14 40.000004 0 -9.999993 -1 0 0 0 1 0 0 0 -1 3710.dat
1 14 54.447384 0 -52.358318 0.791582 0 -0.611064 0 1 0 0.611064 0 0.791582 3710.dat
1 14 19.999987 -8.000008 -39.999981 -0.603248 0 -0.797554 0 1 0 0.797554 0 -0.603248 2429.dat
1 14 20.000002 -8.000008 -39.999992 0 0 -1 0 1 0 1 0 0 2430.dat
1 14 239.999985 -8 -20.000002 1 0 0 0 1 0 0 0 1 2429.dat
1 14 239.999985 -8 -20.000034 -0.920958 0 0.389662 0 1 0 -0.389662 0 -0.920958 2430.dat
1 14 180 0 -10.000002 1 0 0 0 1 0 0 0 1 3666.dat
1 14 188.639099 0 -52.589245 0.920958 0 -0.389661 0 1 0 0.389661 0 0.920958 3666.dat
1 14 139.999969 -8 -40.000034 -0.373639 0 -0.927574 0 1 0 0.927574 0 -0.373639 2429.dat
1 14 140 -8 -40.000008 0 0 -1 0 1 0 1 0 0 2430.dat
1 14 80.000008 -8.000008 120.000008 1 0 0 0 1 0 0 0 1 2429.dat
1 14 80.000008 -8.000008 120.000038 -0.385819 0 0.922575 0 1 0 -0.922575 0 -0.385819 2430.dat
1 14 40.000004 0 130.000015 -1 0 0 0 1 0 0 0 -1 3710.dat
1 14 10.000011 -8.000008 130.000015 0 0 1 0 1 0 -1 0 0 2420.dat
1 14 73.792992 0 79.238869 0.385819 0 -0.922575 0 1 0 0.922575 0 0.385819 3710.dat
1 14 62.218414 -8.000008 51.561642 0.385819 0 -0.922574 0 1 0 0.922574 0 0.385819 2420.dat
1 14 19.999989 -16.000063 80.000038 -0.924119 0 -0.382104 0 1 0 0.382104 0 -0.924119 2429.dat
1 14 20.000002 -16.000063 80.000015 0 0 -1 0 1 0 1 0 0 2430.dat
1 14 139.999908 -16.000015 79.999947 -0.692668 0 -0.721257 0 1 0 0.721257 0 -0.692668 2429.dat
1 14 140 -16.000015 79.999985 0 0 -1 0 1 0 1 0 0 2430.dat
1 14 240.000076 -8.000008 119.999908 -0.723215 0 0.690623 0 1 0 -0.690623 0 -0.723215 2430.dat
1 14 239.999985 -8.000008 120.000008 1 0 0 0 1 0 0 0 1 2429.dat
1 14 203.513428 0 71.330345 0.723215 0 -0.690623 0 1 0 0.690623 0 0.723215 3666.dat
1 14 180 0 130 1 0 0 0 1 0 0 0 1 3666.dat
1 14 239.999985 -8.000008 280.000031 1 0 0 0 1 0 0 0 1 2429.dat
1 14 239.999908 -8.000008 280 -0.473449 0 0.880821 0 1 0 -0.880821 0 -0.473449 2430.dat
1 14 180 0 290 1 0 0 0 1 0 0 0 1 3666.dat
1 14 130 -8.000008 290 0 0 1 0 1 0 -1 0 0 2420.dat
1 14 220.401245 0 222.416183 0.473449 0 -0.880821 0 1 0 0.880821 0 0.473449 3666.dat
1 14 196.728821 -8.000008 178.375122 0.473449 0 -0.880821 0 1 0 0.880821 0 0.473449 2420.dat
1 14 139.999969 -8.000008 219.999985 -0.884338 0 -0.466847 0 1 0 0.466847 0 -0.884338 2429.dat
1 14 139.999985 -8.000008 219.999985 0 0 -1 0 1 0 1 0 0 2430.dat
1 14 161.861664 0 197.151215 -0.884338 0 -0.466847 0 1 0 0.466847 0 -0.884338 3623.dat
1 14 129.999985 0 249.999969 0 0 -1 0 1 0 1 0 0 3623.dat