0 untitled model
0 Name: 
0 Author: BrickCamp (by Tobias Buckdahn)
1 14 7.246768 -11 15.646891 -0.707107 0 -0.707107 0 1 0 0.707107 0 -0.707107 60470.dat
1 14 -6.895368 -11 1.504755 0.707107 0 0.707107 0 1 0 -0.707107 0 0.707107 48336.dat
1 25 0.1757 -3 8.575824 0.707107 0 0.707107 0 1 0 -0.707107 0 0.707107 3022.dat
1 25 0.1757 -19 8.575824 0.707107 0 0.707107 0 1 0 -0.707107 0 0.707107 3022.dat
1 4 0.1757 -51 8.575824 0.707107 0 0.707107 0 1 0 -0.707107 0 0.707107 3003.dat
1 14 0.1757 -27 8.575824 0.707107 0 0.707107 0 1 0 -0.707107 0 0.707107 3022.dat
1 14 -32.892864 -20.491684 -24.492741 -0.707107 -0.328606 -0.626114 0 0.885459 -0.464718 0.707107 -0.328606 -0.626114 60470.dat
1 14 -45.415138 -29.786049 -37.015015 0.707107 -0.328606 0.626114 0 0.885459 0.464718 -0.707107 -0.328606 0.626114 48336.dat
1 25 -41.782845 -18.055199 -33.382721 0.707107 -0.328606 0.626114 0 0.885459 0.464718 -0.707107 -0.328606 0.626114 3022.dat
1 25 -36.525158 -32.222534 -28.125034 0.707107 -0.328606 0.626114 0 0.885459 0.464718 -0.707107 -0.328606 0.626114 3022.dat
1 4 -26.009779 -60.557205 -17.609655 0.707107 -0.328606 0.626114 0 0.885459 0.464718 -0.707107 -0.328606 0.626114 3003.dat
1 14 -33.896313 -39.306198 -25.496189 0.707107 -0.328606 0.626114 0 0.885459 0.464718 -0.707107 -0.328606 0.626114 3022.dat
1 14 74.007881 -70.793037 82.408005 -0.707107 0.58194 -0.401678 0 0.568059 0.822988 0.707107 0.58194 -0.401678 60470.dat
1 14 65.974319 -54.333282 74.374443 0.707107 0.58194 0.401678 0 0.568059 -0.822988 -0.707107 0.58194 0.401678 48336.dat
1 25 74.646622 -58.018684 83.046745 0.707107 0.58194 0.401678 0 0.568059 -0.822988 -0.707107 0.58194 0.401678 3022.dat
1 25 65.335579 -67.107635 73.735703 0.707107 0.58194 0.401678 0 0.568059 -0.822988 -0.707107 0.58194 0.401678 3022.dat
1 4 46.713497 -85.285522 55.113621 0.707107 0.58194 0.401678 -0 0.568059 -0.822988 -0.707107 0.58194 0.401679 3003.dat
1 14 60.680058 -71.652107 69.080185 0.707107 0.58194 0.401678 0 0.568059 -0.822988 -0.707107 0.58194 0.401678 3022.dat
1 14 45.68261 -29.46714 54.082733 -0.707107 0.328616 -0.626108 0 0.88545 0.464734 0.707107 0.328616 -0.626108 60470.dat
1 14 33.16045 -20.17247 41.560574 0.707107 0.328616 0.626108 0 0.88545 -0.464734 -0.707107 0.328616 0.626108 48336.dat
1 25 42.050461 -17.736206 50.450584 0.707107 0.328616 0.626108 0 0.88545 -0.464734 -0.707107 0.328616 0.626108 3022.dat
1 25 36.792599 -31.903404 45.192722 0.707107 0.328616 0.626108 0 0.88545 -0.464734 -0.707107 0.328616 0.626108 3022.dat
1 4 26.276873 -60.237823 34.676994 0.707107 0.328616 0.626108 -0 0.88545 -0.464734 -0.707107 0.328616 0.626108 3003.dat
1 14 34.163666 -38.987007 42.563789 0.707107 0.328616 0.626108 0 0.88545 -0.464734 -0.707107 0.328616 0.626108 3022.dat
1 14 77.397758 -182.121964 85.797882 -0.707107 0.661157 0.250741 0 -0.354601 0.935018 0.707107 0.661157 0.250741 60470.dat
1 14 82.412575 -163.4216 90.812698 0.707107 0.661157 -0.250741 0 -0.354601 -0.935018 -0.707107 0.661157 -0.250741 48336.dat
1 25 85.19442 -175.608597 93.594543 0.707107 0.661157 -0.250741 0 -0.354601 -0.935018 -0.707107 0.661157 -0.250741 3022.dat
1 25 74.615906 -169.934982 83.016029 0.707107 0.661157 -0.250741 0 -0.354601 -0.935018 -0.707107 0.661157 -0.250741 3022.dat
1 4 53.458874 -158.587738 61.858997 0.707107 0.661157 -0.250741 -0 -0.354601 -0.935018 -0.707107 0.661157 -0.250741 3003.dat
1 14 69.326653 -167.098175 77.726776 0.707107 0.661157 -0.250741 0 -0.354601 -0.935018 -0.707107 0.661157 -0.250741 3022.dat
1 14 85.355827 -125.67897 93.755951 -0.707107 0.701951 -0.085231 0 0.120535 0.992709 0.707107 0.701951 -0.085231 60470.dat
1 14 83.651192 -105.824776 92.051315 0.707107 0.701951 0.085231 0 0.120535 -0.992709 -0.707107 0.701951 0.085231 48336.dat
1 25 90.119125 -114.787613 98.519249 0.707107 0.701951 0.085231 0 0.120535 -0.992709 -0.707107 0.701951 0.085231 3022.dat
1 25 78.887894 -116.716164 87.288017 0.707107 0.701951 0.085231 0 0.120535 -0.992709 -0.707107 0.701951 0.085231 3022.dat
1 4 56.425453 -120.573303 64.825577 0.707107 0.701951 0.085231 -0 0.120535 -0.992709 -0.707107 0.701951 0.085231 3003.dat
1 14 73.272293 -117.680458 81.672417 0.707107 0.701951 0.085231 0 0.120535 -0.992709 -0.707107 0.701951 0.085231 3022.dat
1 14 14.191594 -249.198502 22.591717 -0.707107 0.16922 0.68656 0 -0.970943 0.239313 0.707107 0.16922 0.68656 60470.dat
1 14 27.922789 -244.412231 36.322914 0.707107 0.16922 -0.68656 0 -0.970943 -0.239313 -0.707107 0.16922 -0.68656 48336.dat
1 25 22.410952 -254.572906 30.811075 0.707107 0.16922 -0.68656 0 -0.970943 -0.239313 -0.707107 0.16922 -0.68656 3022.dat
1 25 19.70343 -239.037827 28.103554 0.707107 0.16922 -0.68656 0 -0.970943 -0.239313 -0.707107 0.16922 -0.68656 3022.dat
1 4 14.288393 -207.967682 22.688517 0.707107 0.16922 -0.68656 -0 -0.970943 -0.239313 -0.707107 0.16922 -0.68656 3003.dat
1 14 18.349669 -231.270294 26.749792 0.707107 0.16922 -0.68656 0 -0.970943 -0.239313 -0.707107 0.16922 -0.68656 3022.dat
1 14 51.558681 -226.397797 59.958805 -0.707107 0.468894 0.529281 0 -0.748516 0.663117 0.707107 0.468894 0.529281 60470.dat
1 14 62.144291 -213.135452 70.544418 0.707107 0.468894 -0.529281 0 -0.748516 -0.663117 -0.707107 0.468894 -0.529281 48336.dat
1 25 60.60265 -225.754745 69.002777 0.707107 0.468894 -0.529281 0 -0.748516 -0.663117 -0.707107 0.468894 -0.529281 3022.dat
1 25 53.100338 -213.778488 61.500462 0.707107 0.468894 -0.529281 0 -0.748516 -0.663117 -0.707107 0.468894 -0.529281 3022.dat
1 4 38.095715 -189.825974 46.495838 0.707107 0.468894 -0.529281 -0 -0.748516 -0.663117 -0.707107 0.468894 -0.529281 3003.dat
1 14 49.349182 -207.790359 57.749306 0.707107 0.468894 -0.529281 0 -0.748516 -0.663117 -0.707107 0.468894 -0.529281 3022.dat
1 14 -60.517281 -213.464005 -52.117157 -0.707107 -0.468904 0.529273 0 -0.748504 -0.66313 0.707107 -0.468904 0.529273 60470.dat
1 14 -49.931828 -226.726593 -41.531704 0.707107 -0.468904 -0.529273 0 -0.748504 0.66313 -0.707107 -0.468904 -0.529273 48336.dat
1 25 -58.975784 -226.083344 -50.575661 0.707107 -0.468904 -0.529273 0 -0.748504 0.66313 -0.707107 -0.468904 -0.529273 3022.dat
1 25 -51.473328 -214.107269 -43.073204 0.707107 -0.468904 -0.529273 0 -0.748504 0.66313 -0.707107 -0.468904 -0.529273 3022.dat
1 4 -36.468414 -190.155121 -28.068291 0.707107 -0.468904 -0.529273 0 -0.748504 0.66313 -0.707107 -0.468904 -0.529272 3003.dat
1 14 -47.722099 -208.119232 -39.321976 0.707107 -0.468904 -0.529273 0 -0.748504 0.66313 -0.707107 -0.468904 -0.529273 3022.dat
1 14 -26.021908 -244.00267 -17.621784 -0.707107 -0.169232 0.686557 0 -0.970938 -0.23933 0.707107 -0.169232 0.686557 60470.dat
1 14 -12.290763 -248.789276 -3.890639 0.707107 -0.169232 -0.686557 0 -0.970938 0.23933 -0.707107 -0.169232 -0.686557 48336.dat
1 25 -20.510189 -254.163483 -12.110065 0.707107 -0.169232 -0.686557 0 -0.970938 0.23933 -0.707107 -0.169232 -0.686557 3022.dat
1 25 -17.802481 -238.628464 -9.402357 0.707107 -0.169232 -0.686557 0 -0.970938 0.23933 -0.707107 -0.169232 -0.686557 3022.dat
1 4 -12.38706 -207.558441 -3.986937 0.707107 -0.169232 -0.686557 0 -0.970938 0.23933 -0.707107 -0.169232 -0.686557 3003.dat
1 14 -16.448626 -230.860962 -8.048502 0.707107 -0.169232 -0.686557 0 -0.970938 0.23933 -0.707107 -0.169232 -0.686557 3022.dat
1 14 -82.451111 -106.099602 -74.050987 -0.707107 -0.70195 -0.085244 0 0.120553 -0.992707 0.707107 -0.70195 -0.085244 60470.dat
1 14 -84.155983 -125.953735 -75.755859 0.707107 -0.70195 0.085244 0 0.120553 0.992707 -0.707107 -0.70195 0.085244 48336.dat
1 25 -88.919151 -115.062248 -80.519028 0.707107 -0.70195 0.085244 0 0.120553 0.992707 -0.707107 -0.70195 0.085244 3022.dat
1 25 -77.68795 -116.991089 -69.287827 0.707107 -0.70195 0.085244 0 0.120553 0.992707 -0.707107 -0.70195 0.085244 3022.dat
1 4 -55.225559 -120.848778 -46.825436 0.707107 -0.70195 0.085244 0 0.120553 0.992707 -0.707107 -0.70195 0.085244 3003.dat
1 14 -72.072357 -117.955513 -63.672234 0.707107 -0.70195 0.085244 0 0.120553 0.992707 -0.707107 -0.70195 0.085244 3022.dat
1 14 -80.627365 -163.595856 -72.227242 -0.707107 -0.661162 0.250729 0 -0.354585 -0.935024 0.707107 -0.661162 0.250729 60470.dat
1 14 -75.612785 -182.296326 -67.212662 0.707107 -0.661162 -0.250729 0 -0.354585 0.935024 -0.707107 -0.661162 -0.250729 48336.dat
1 25 -83.409378 -175.782776 -75.009254 0.707107 -0.661162 -0.250729 0 -0.354585 0.935024 -0.707107 -0.661162 -0.250729 3022.dat
1 25 -72.830788 -170.109421 -64.430664 0.707107 -0.661162 -0.250729 0 -0.354585 0.935024 -0.707107 -0.661162 -0.250729 3022.dat
1 4 -51.673615 -158.762695 -43.273491 0.707107 -0.661162 -0.250729 0 -0.354585 0.935024 -0.707107 -0.661162 -0.250729 3003.dat
1 14 -67.541489 -167.272736 -59.141365 0.707107 -0.661162 -0.250729 0 -0.354585 0.935024 -0.707107 -0.661162 -0.250729 3022.dat
1 14 -65.208885 -54.375053 -56.808762 -0.707107 -0.581933 -0.401689 0 0.568074 -0.822978 0.707107 -0.581933 -0.401689 60470.dat
1 14 -73.242668 -70.834625 -64.842545 0.707107 -0.581933 0.401689 0 0.568074 0.822978 -0.707107 -0.581933 0.401689 48336.dat
1 25 -73.881241 -58.060219 -65.481117 0.707107 -0.581933 0.401689 0 0.568074 0.822978 -0.707107 -0.581933 0.401689 3022.dat
1 25 -64.570305 -67.149429 -56.170181 0.707107 -0.581933 0.401689 0 0.568074 0.822978 -0.707107 -0.581933 0.401689 3022.dat
1 4 -45.948441 -85.327774 -37.548317 0.707107 -0.581933 0.401689 0 0.568074 0.822978 -0.707107 -0.581933 0.401689 3003.dat
1 14 -59.914833 -71.694 -51.514709 0.707107 -0.581933 0.401689 0 0.568074 0.822978 -0.707107 -0.581933 0.401689 3022.dat
1 14 -120 -11.000004 -151 0 0 -1 0 1 0 1 0 0 60470.dat
1 14 -140 -11.000004 -151 0 0 1 0 1 0 -1 0 0 48336.dat
1 25 -130 -3.000002 -151 0 0 1 0 1 0 -1 0 0 3022.dat
1 25 -130 -19 -151 0 0 1 0 1 0 -1 0 0 3022.dat
1 4 -130 -51 -151 0 0 1 0 1 0 -1 0 0 3003.dat
1 14 -130 -27 -151 0 0 1 0 1 0 -1 0 0 3022.dat
1 14 -120 -179 -151 0 0 -1 0 1 0 1 0 0 60470.dat
1 14 -140 -179 -151 0 0 1 0 1 0 -1 0 0 48336.dat
1 25 -130 -155 -151 0 0 1 0 1 0 -1 0 0 3022.dat
1 25 -130 -203 -151 0 0 1 0 1 0 -1 0 0 3022.dat
1 4 -130 -267 -151 0 0 1 0 1 0 -1 0 0 3003.dat
1 14 -130 -227 -151 0 0 1 0 1 0 -1 0 0 3022.dat