0 untitled model
0 Name: 
0 Author: BrickCamp (by Tobias Buckdahn)
1 14 9.999998 0 20.000002 0 0 1 0 1 0 -1 0 0 3937.dat
1 25 3.999998 2 20.000002 -0 0.587785 -0.809017 -0 0.809017 0.587785 1 0 -0 6134.dat
1 14 15.966213 25.940632 20.000002 0 -0.587785 0.809017 0 0.809017 0.587785 -1 0 0 3937.dat
1 25 9.936541 24.031956 20.000002 -0 0 -1 -0 1 0 1 0 -0 6134.dat
1 14 -36.601063 -19.6439 20.000002 0 0.951057 0.309017 0 0.309017 -0.951056 -1 0 0 3937.dat
1 25 -36.553051 -13.319526 20.000002 -0 0.951056 0.309017 0 -0.309017 0.951056 1 0 -0 6134.dat
1 14 -10.086391 -17.302011 20.000002 0 0.587785 0.809017 0 0.809017 -0.587785 -1 0 0 3937.dat
1 25 -13.764922 -12.157268 20.000002 -0 0.951056 -0.309017 0 0.309017 0.951056 1 0 -0 6134.dat
1 14 -59.37389 -5.94229 20.000002 0 0.951057 -0.309017 0 -0.309017 -0.951056 -1 0 0 3937.dat
1 25 -55.617676 -0.853983 20.000002 0 0.587785 0.809017 0 -0.809017 0.587785 1 0 -0 6134.dat
1 14 -63.701385 44.411037 19.993551 0.000693 -0.000001 -0.999999 0.001359 -0.999999 0.000002 -0.999999 -0.001359 -0.000693 3937.dat
1 25 -57.701385 42.411034 19.994987 -0.000693 -0.587786 0.809016 -0.001359 -0.809015 -0.587786 0.999999 -0.001507 -0.000239 6134.dat
1 14 -69.66761 18.470465 19.954161 0.000693 0.587784 -0.809017 0.001359 -0.809017 -0.587783 -0.999999 -0.000693 -0.001359 3937.dat
1 25 -63.637939 20.37912 19.96093 -0.000693 -0.000001 0.999999 -0.001359 -0.999999 -0.000002 0.999999 -0.001359 0.000693 6134.dat
1 14 -17.100321 64.05484 20.052525 0.000693 -0.951056 -0.309016 0.001359 -0.309015 0.951056 -0.999999 -0.001079 0.001079 3937.dat
1 25 -17.148333 57.730476 20.043894 -0.000693 -0.951056 -0.309018 -0.001359 0.309018 -0.951055 0.999999 -0.000239 -0.001507 6134.dat
1 14 -43.614986 61.712997 20.030979 0.000693 -0.587786 -0.809016 0.001359 -0.809015 0.587786 -0.999999 -0.001507 0.000239 3937.dat
1 25 -39.936462 56.568253 20.026533 -0.000693 -0.951056 0.309016 -0.001359 -0.309015 -0.951056 0.999999 -0.001079 -0.001079 6134.dat
1 14 5.672485 50.35321 20.049673 0.000693 -0.951056 0.309018 0.001359 0.309018 0.951055 -0.999999 -0.000239 0.001507 3937.dat
1 25 1.91626 45.2649 20.040155 -0.000693 -0.587784 -0.809017 -0.001359 0.809017 -0.587783 0.999999 0.000693 -0.001359 6134.dat
1 47 -27 22 -3 0 0 1 1 0 0 0 1 0 4073.dat
1 14 31.906036 88 26.469498 0.707107 0 0.707107 0 1 0 -0.707107 0 0.707107 3937.dat
1 25 27.663391 90 22.226852 -0.707107 0.415627 -0.572061 0 0.809017 0.587785 0.707107 0.415627 -0.572061 6134.dat
1 14 109.22905 0 -3.211048 -0.707107 0 0.707107 0 1 0 -0.707107 0 -0.707107 3937.dat
1 25 104.986389 2 1.031593 0.707107 0.415627 -0.572061 0 0.809017 0.587785 0.707107 -0.415627 0.572061 6134.dat
1 14 113.4478 25.940632 -7.4298 -0.707107 -0.415627 0.572061 0 0.809017 0.587785 -0.707107 0.415627 -0.572061 3937.dat
1 25 109.184158 24.031956 -3.166174 0.707107 0 -0.707107 0 1 0 0.707107 0 0.707107 6134.dat
1 14 76.277115 -19.6439 29.740877 -0.707107 0.672499 0.218508 0 0.309017 -0.951056 -0.707107 -0.672499 -0.218508 3937.dat
1 25 76.311058 -13.319525 29.706928 0.707107 0.672498 0.218508 0 -0.309017 0.951056 0.707107 -0.672498 -0.218508 6134.dat
1 14 95.02581 -17.302011 10.992175 -0.707107 0.415627 0.572061 0 0.809017 -0.587785 -0.707107 -0.415627 -0.572061 3937.dat
1 25 92.424698 -12.157267 13.593287 0.707107 0.672498 -0.218508 0 0.309017 0.951056 0.707107 -0.672498 0.218508 6134.dat
1 14 60.174301 -5.942289 45.843697 -0.707107 0.672499 -0.218508 0 -0.309017 -0.951056 -0.707107 -0.672499 0.218508 3937.dat
1 25 62.83033 -0.853983 43.187653 0.707107 0.415627 0.572061 0 -0.809017 0.587785 0.707107 -0.415627 -0.572061 6134.dat
1 14 57.109734 44.411037 48.899139 -0.706616 -0.000962 -0.707596 0.001359 -0.999999 0.000002 -0.707596 -0.00096 0.706616 3937.dat
1 25 61.353386 42.411034 44.657509 0.706616 -0.416693 0.571892 -0.001359 -0.809015 -0.587786 0.707596 0.414562 -0.57223 6134.dat
1 14 52.863113 18.470465 53.090038 -0.706616 0.415136 -0.573022 0.001359 -0.809017 -0.587783 -0.707596 -0.416116 0.5711 3937.dat
1 25 57.131531 20.37912 48.831207 0.706616 -0.000962 0.707596 -0.001359 -0.999999 -0.000002 0.707596 -0.00096 -0.706616 6134.dat
1 14 90.103363 64.05484 15.988914 -0.706616 -0.673261 -0.217744 0.001359 -0.309015 0.951056 -0.707596 0.671735 0.21927 3937.dat
1 25 90.063301 57.730476 16.016758 0.706616 -0.672667 -0.219574 -0.001359 0.309018 -0.951055 0.707596 0.672329 0.217443 6134.dat
1 14 71.339417 61.712997 34.722374 -0.706616 -0.416693 -0.571892 0.001359 -0.809015 0.587786 -0.707596 0.414562 0.57223 3937.dat
1 25 73.937386 56.568253 32.118118 0.706616 -0.673261 0.217744 -0.001359 -0.309015 -0.951056 0.707596 0.671735 -0.21927 6134.dat
1 14 106.204147 50.35321 -0.115908 -0.706616 -0.672667 0.219574 0.001359 0.309018 0.951055 -0.707596 0.672329 -0.217443 3937.dat
1 25 103.541359 45.2649 2.533413 0.706616 -0.415136 -0.573022 -0.001359 0.809017 -0.587783 0.707596 0.416116 0.5711 6134.dat
1 47 66.802628 22 6.68845 0.707107 0.707107 0 0 0 -1 -0.707107 0.707107 0 4073.dat