0 Untitled
0 Name: model.ldr
0 Author: BrickCamp (by Tobias Buckdahn)
0 Unofficial Model
0 ROTATION CENTER 0 0 0 1 "Custom" 
0 ROTATION CONFIG 0 0
1 7 0 8 0 1 0 0 0 1 0 0 0 1 99780.dat
1 7 42.06 8 13.97 0.809017 0 -0.587785 0 1 0 0.587785 0 0.809017 99780.dat
1 25 -20 0 10 -1 0 0 0 1 0 0 0 -1 2429.dat
1 25 20.002 -8 10.304 -0.809017 0 0.587785 0 1 0 -0.587785 0 -0.809017 2429.dat
1 25 52.363 0 33.815 -0.809017 0 0.587785 0 1 0 -0.587785 0 -0.809017 2430.dat
1 25 20 -8 10 -1 0 0 0 1 0 0 0 -1 2430.dat
1 14 -10 6 -22 0 0 1 1 0 0 0 1 0 26047.dat
1 4 10 6 -22 0 0 -1 -1 0 0 0 1 0 6019.dat
1 14 46.901 6 -9.707 0 -0.587785 0.809017 1 0 0 0 0.809017 0.587785 26047.dat
1 4 63.082 6 2.049 0 -0.587785 -0.809017 -1 0 0 0 0.809017 -0.587785 6019.dat
1 7 -67.616 8 49.53 0.309017 0 0.951057 0 1 0 -0.951057 0 0.309017 99780.dat
1 7 -41.332 8 13.845 0.809017 0 0.587786 0 1 0 -0.587786 0 0.809017 99780.dat
1 25 -64.286 0 71.641 -0.309017 0 -0.951057 0 1 0 0.951057 0 -0.309017 2429.dat
1 25 -51.635 -8 33.691 -0.809017 0 -0.587786 0 1 0 0.587786 0 -0.809017 2429.dat
1 25 -19.275 0 10.179 -0.809017 0 -0.587786 0 1 0 0.587786 0 -0.809017 2430.dat
1 25 -51.925 -8 33.599 -0.309017 0 -0.951057 0 1 0 0.951057 0 -0.309017 2430.dat
1 14 -91.629 6 52.242 0 0.951057 0.309017 1 0 0 0 0.309017 -0.951057 26047.dat
1 4 -85.449 6 33.221 0 0.951057 -0.309017 -1 0 0 0 0.309017 0.951057 6019.dat
1 14 -62.355 6 1.925 0 0.587786 0.809017 1 0 0 0 0.809017 -0.587786 26047.dat
1 4 -46.174 6 -9.832 0 0.587786 -0.809017 -1 0 0 0 0.809017 0.587786 6019.dat
1 7 68.215 8 49.531 0.309017 0 -0.951057 0 1 0 0.951057 0 0.309017 99780.dat
1 7 67.926 8 93.849 -0.309017 0 -0.951057 0 1 0 0.951057 0 -0.309017 99780.dat
1 25 52.524 0 33.6 -0.309017 0 0.951057 0 1 0 -0.951057 0 -0.309017 2429.dat
1 25 64.596 -8 71.738 0.309017 0 0.951057 0 1 0 -0.951057 0 0.309017 2429.dat
1 25 52.236 0 109.781 0.309017 0 0.951057 0 1 0 -0.951057 0 0.309017 2430.dat
1 25 64.885 -8 71.642 -0.309017 0 0.951057 0 1 0 -0.951057 0 -0.309017 2430.dat
1 14 86.048 6 33.222 0 -0.951057 0.309017 1 0 0 0 0.309017 0.951057 26047.dat
1 4 92.228 6 52.243 0 -0.951057 -0.309017 -1 0 0 0 0.309017 -0.951057 6019.dat
1 14 91.94 6 91.137 0 -0.951057 -0.309017 1 0 0 0 -0.309017 0.951057 26047.dat
1 4 85.76 6 110.159 0 -0.951057 0.309017 -1 0 0 0 -0.309017 -0.951057 6019.dat
1 7 42.434 8 129.857 -0.809017 0 -0.587785 0 1 0 0.587785 0 -0.809017 99780.dat
1 7 0.195 8 143.277 -1 0 0 0 1 0 0 0 -1 99780.dat
1 25 52.736 0 110.011 0.809017 0 0.587785 0 1 0 -0.587785 0 0.809017 2429.dat
1 25 20.196 -8 133.278 1 0 0 0 1 0 0 0 1 2429.dat
1 15 0 16 72 0 0 -1 0 1 0 1 0 0 3034.dat
1 25 -19.805 0 133.278 1 0 0 0 1 0 0 0 1 2430.dat
1 25 20.376 -8 133.523 0.809017 0 0.587785 0 1 0 -0.587785 0 0.809017 2430.dat
1 14 63.455 6 141.778 0 -0.587785 -0.809017 1 0 0 0 -0.809017 0.587785 26047.dat
1 4 47.275 6 153.533 0 -0.587785 0.809017 -1 0 0 0 -0.809017 -0.587785 6019.dat
1 14 10.196 6 165.278 0 0 -1 1 0 0 0 -1 0 26047.dat
1 4 -9.805 6 165.278 0 0 1 -1 0 0 0 -1 0 6019.dat
1 7 -41.867 8 129.881 -0.809017 0 0.587786 0 1 0 -0.587786 0 -0.809017 99780.dat
1 7 -67.682 8 93.857 -0.309017 0 0.951057 0 1 0 -0.951057 0 -0.309017 99780.dat
1 25 -19.808 0 133.547 0.809017 0 -0.587786 0 1 0 0.587786 0 0.809017 2429.dat
1 25 -51.992 -8 109.788 0.309017 0 -0.951057 0 1 0 0.951057 0 0.309017 2429.dat
1 25 -64.353 0 71.746 0.309017 0 -0.951057 0 1 0 0.951057 0 0.309017 2430.dat
1 25 -52.169 -8 110.036 0.809017 0 -0.587786 0 1 0 0.587786 0 0.809017 2430.dat
1 14 -46.708 6 153.558 0 0.587786 -0.809017 1 0 0 0 -0.809017 -0.587786 26047.dat
1 4 -62.888 6 141.802 0 0.587786 0.809017 -1 0 0 0 -0.809017 0.587786 6019.dat
1 14 -85.516 6 110.167 0 0.951057 -0.309017 1 0 0 0 -0.309017 -0.951057 26047.dat
1 4 -91.697 6 91.145 0 0.951057 0.309017 -1 0 0 0 -0.309017 0.951057 6019.dat
0
