0 untitled model
0 Name: 
0 Author: BrickCamp (by Tobias Buckdahn)
1 25 38 0 -138 1 0 0 0 1 0 -0 0 1 10288.dat
1 14 90 0 -168 0.5 0 0.866025 0 1 0 -0.866025 0 0.5 10288.dat
1 25 90.042488 0 -48.546173 -0.5 0 0.866025 0 1 0 -0.866025 0 -0.5 10288.dat
1 14 38.061729 0 -78.579498 -1 0 -0 0 1 0 0 0 -1 10288.dat
1 14 141.344879 0 -78.210037 0.5 0 0.866025 0 1 0 -0.866025 0 0.5 10288.dat
1 25 141.364136 0 -138.243362 -0.5 0 0.866025 0 1 0 -0.866025 0 -0.5 10288.dat
1 4 91.344879 0 -108.210037 0.683012 -0.707107 0.183012 0.683012 0.707107 0.183012 -0.258819 0 0.965925 10288.dat