0 Untitled
0 Name: model.ldr
0 Author: LDraw
0 Unofficial Model
0 ROTATION CENTER 0 0 0 1 "Custom" 
0 ROTATION CONFIG 0 0
1 0 -5 116 75 0 0 -1 0 1 0 1 0 0 3023.dat
1 0 -5 108 75 0 0 -1 0 1 0 1 0 0 3023.dat
1 0 -5 -4 75 -1 0 0 0 1 0 0 0 -1 3023.dat
1 0 -5 -12 75 -1 0 0 0 1 0 0 0 -1 3023.dat
1 14 -5 -4 55 -1 0 0 0 1 0 0 0 -1 3023.dat
1 14 -5 -12 55 -1 0 0 0 1 0 0 0 -1 3023.dat
1 0 -5 100 75 -1 0 0 0 1 0 0 0 -1 3021.dat
1 25 -5 92 75 -1 0 0 0 1 0 0 0 -1 3021.dat
1 25 -5 36 75 -1 0 0 0 1 0 0 0 -1 3021.dat
1 25 -5 68 75 -1 0 0 0 1 0 0 0 -1 3002.dat
1 25 -5 44 75 0 0 1 0 1 0 -1 0 0 3004.dat
1 25 -25 44 75 0 0 1 0 1 0 -1 0 0 3700.dat
1 0 -25 204 65 1 0 0 0 1 0 0 0 1 3005.dat
1 0 -25 180 65 1 0 0 0 1 0 0 0 1 3005.dat
1 0 -25 156 65 1 0 0 0 1 0 0 0 1 3005.dat
1 0 -25 132 65 1 0 0 0 1 0 0 0 1 3005.dat
1 0 15 204 65 1 0 0 0 1 0 0 0 1 3005.dat
1 0 15 180 65 1 0 0 0 1 0 0 0 1 3005.dat
1 0 15 156 65 1 0 0 0 1 0 0 0 1 3005.dat
1 0 15 132.001 65 1 0 0 0 1 0 0 0 1 3005.dat
1 6 -25 228 55 0 0 1 0 1 0 -1 0 0 3023.dat
1 6 15 228 55 0 0 1 0 1 0 -1 0 0 3023.dat
1 0 -25 108 65 -1 0 0 0 1 0 0 0 -1 3665a.dat
1 0 15 108 65 -1 0 0 0 1 0 0 0 -1 3665a.dat
1 25 -25 44 75 0 0 1 0 1 0 -1 0 0 3700.dat
1 25 15 44 75 0 0 1 0 1 0 -1 0 0 3700.dat
1 14 -5 28 75 0 0 1 0 1 0 -1 0 0 3794b.dat
1 14 -5 12 65 0 0 1 0 1 0 -1 0 0 3794b.dat
1 14 -5 20 75 0 0 1 0 1 0 -1 0 0 3024.dat
1 14 -5 4 65 0 0 1 0 1 0 -1 0 0 3022.dat
1 0 -5 -20 65 0 0 1 0 1 0 -1 0 0 3022.dat
1 25 25 54 75 0 1 0 -1 0 0 0 0 1 6141.dat
1 25 -35 54 75 0 -1 0 -1 0 0 0 0 -1 6141.dat
1 25 -43 79.775 57.474 0 -1 0 0.965926 0 0.258819 -0.258819 0 0.965926 2429.dat
1 14 -43 79.775 57.474 0 -1 0 0.5 0 0.866026 -0.866026 0 0.5 2430.dat
1 14 33 80.705 57.566 0 1 0 -0.5 0 0.866026 0.866026 0 0.5 2429.dat
1 25 33 80.705 57.566 0 1 0 -0.965926 0 0.258819 0.258819 0 0.965926 2430.dat
0
