0 untitled model
0 Name: 
0 Author: BrickCamp (by Tobias Buckdahn)
1 4 0 0 40 1 0 0 0 1 0 -0 0 1 64566.dat
1 14 -1 -10 90 0.996195 0.087156 0 0 -0 1 0.087156 -0.996195 -0 4070.dat
1 25 -22.299999 -10 104.199997 -0 0.087156 0.996195 -1 -0 -0 -0 -0.996195 0.087156 50950.dat
1 14 43.700001 -10 15.7 -0.422618 -0.906307 -0 -0 -0 1 -0.906307 0.422618 -0 4070.dat
1 25 66.699997 -10 27 -0 -0.906307 -0.422618 -1 0 0 0 0.422618 -0.906307 50950.dat
1 14 42.900002 -10 65.699997 0.573576 -0.819152 -0 0 -0 1 -0.819152 -0.573576 -0 4070.dat
1 25 44.5 -10 91.243965 -0 -0.819152 0.573576 -1 0 -0 0 -0.573576 -0.819152 50950.dat
1 14 1.427809 -10 -10.356079 -0.996195 -0.087156 -0 0 -0 1 -0.087156 0.996195 0 4070.dat
1 25 22.727812 -10 -24.55608 0 -0.087156 -0.996194 -1 -0 -0 0 0.996194 -0.087156 50950.dat
1 14 -43.27219 -10 63.943909 0.422618 0.906307 0 -0 -0 1 0.906307 -0.422618 0 4070.dat
1 25 -66.272179 -10 52.643913 0 0.906307 0.422618 -1 0 0 0 -0.422618 0.906307 50950.dat
1 14 -42.472195 -10 13.943916 -0.573576 0.819152 0 0 -0 1 0.819152 0.573576 0 4070.dat
1 25 -44.072193 -10 -11.600052 0 0.819152 -0.573576 -1 0 -0 0 0.573576 0.819152 50950.dat
1 4 160 0 40 1 0 0 0 1 0 -0 0 1 64566.dat
1 25 137.699997 -10 104.199997 -0 0.087156 0.996195 -1 -0 -0 -0 -0.996195 0.087156 50950.dat
1 25 226.699997 -10 27 -0 -0.906307 -0.422618 -1 0 0 0 0.422618 -0.906307 50950.dat
1 25 204.5 -10 91.243965 -0 -0.819152 0.573576 -1 0 -0 0 -0.573576 -0.819152 50950.dat
1 25 182.727814 -10 -24.55608 0 -0.087156 -0.996194 -1 -0 -0 0 0.996194 -0.087156 50950.dat
1 25 93.727821 -10 52.643913 0 0.906307 0.422618 -1 0 0 0 -0.422618 0.906307 50950.dat
1 25 115.927811 -10 -11.600052 0 0.819152 -0.573576 -1 0 -0 0 0.573576 0.819152 50950.dat
1 14 159 -10 90 0.996195 0.087156 0 0 -0 1 0.087156 -0.996195 -0 6541.dat
1 14 116.727814 -10 63.943909 0.422618 0.906307 0 -0 -0 1 0.906307 -0.422618 0 6541.dat
1 14 117.527802 -10 13.943916 -0.573576 0.819152 -0 -0 -0 1 0.819152 0.573576 0 6541.dat
1 14 161.427811 -10 -10.356079 -0.996195 -0.087156 -0 -0 -0 1 -0.087156 0.996195 0 6541.dat
1 14 203.699997 -10 15.7 -0.422618 -0.906307 -0 -0 -0 1 -0.906307 0.422618 -0 6541.dat
1 14 202.899994 -10 65.699997 0.573576 -0.819152 -0 0 -0 1 -0.819152 -0.573576 -0 6541.dat
1 4 70 0 180 1 0 0 0 1 0 -0 0 1 64566.dat