0 Untitled
0 Name: model.ldr
0 Author: BrickCamp (by Tobias Buckdahn)
0 Unofficial Model
0 ROTATION CENTER 0 0 0 1 "Custom" 
0 ROTATION CONFIG 0 0
1 7 -14.719 0 8.85 0.866025 0 -0.5 0 1 0 0.5 0 0.866025 57585.dat
1 8 -26.72 0 29.634 0.866025 0 -0.5 0 1 0 0.5 0 0.866025 99021.dat
1 14 -12.863 -20 37.635 0.5 -0.866025 0 0 0 1 -0.866025 -0.5 0 30259.dat
1 14 -40.577 -20 21.634 -0.5 0.866025 0 0 0 1 0.866025 0.5 0 30259.dat
1 8 -26.534 0 -12.043 -0.866025 0 -0.5 0 1 0 0.5 0 -0.866025 99021.dat
1 14 -40.391 -20 -4.042 0.5 0.866025 0 0 0 1 0.866025 -0.5 0 30259.dat
1 14 -12.677 -20 -20.043 -0.5 -0.866025 0 0 0 1 -0.866025 0.5 0 30259.dat
1 8 9.466 0 8.958 0 0 -1 0 1 0 1 0 0 99021.dat
1 14 9.466 -20 24.958 1 0 0 0 0 1 0 -1 0 30259.dat
1 14 9.467 -20 -7.043 -1 0 0 0 0 1 0 1 0 30259.dat
0
