0 Untitled
0 Name: model.ldr
0 Author: BrickCamp (by Tobias Buckdahn)
0 Unofficial Model
0 ROTATION CENTER 0 0 0 1 "Custom" 
0 ROTATION CONFIG 0 0
1 14 168.24 -157.71 -500.663 -0.978201 0.198306 -0.0616281 0.183013 0.683013 -0.707107 -0.0981308 -0.702971 -0.704416 11458.dat
1 8 187.248 -166.163 -489.29 -0.928919 0.312705 0.198306 0.359789 0.635646 0.683013 0.0875294 0.705812 -0.702971 11458.dat
1 14 127.374 -151.71 -500.316 -0.978202 -0.0616281 0.198306 -0.183013 0.707107 -0.683012 -0.0981307 -0.704417 -0.702971 11458.dat
1 8 148.149 -152.702 -488.932 -0.996194 0.0616281 -0.0616281 0 0.707107 0.707107 0.0871553 0.704416 -0.704417 11458.dat
1 14 205.044 -177.897 -500.18 -0.845942 0.431971 -0.312705 0.524307 0.566619 -0.635646 -0.0973956 -0.701673 -0.705812 11458.dat
1 8 219.708 -192.669 -488.829 -0.736183 0.520997 0.431971 0.670959 0.478286 0.566619 0.0886011 0.706971 -0.701673 11458.dat
1 14 231.573 -209.631 -499.827 -0.599296 0.60779 -0.520997 0.794748 0.373655 -0.478286 -0.096025 -0.700696 -0.706971 11458.dat
1 8 239.904 -228.728 -488.51 -0.444032 0.658352 0.60779 0.891458 0.256293 0.373655 0.0902253 0.707734 -0.700696 11458.dat
1 14 245.158 -249.35 -499.47 -0.271593 0.702004 -0.658352 0.957791 0.130198 -0.256293 -0.0942029 -0.700171 -0.707734 11458.dat
1 8 246.028 -270.184 -488.198 -0.0919454 0.706214 0.702004 0.991488 -0.000334446 0.130198 0.0921823 0.707999 -0.700171 11458.dat
1 14 243.459 -290.675 -499.252 0.0928796 0.701881 -0.706214 0.991402 -0.130855 0.000334446 -0.0921768 -0.700172 -0.707999 11458.dat
1 8 236.733 -310.439 -488.021 0.272496 0.65811 0.701881 0.957533 -0.256917 -0.130855 0.0942075 0.707732 -0.700172 11458.dat
1 14 226.737 -329.177 -499.059 0.444871 0.607438 -0.65811 0.891039 -0.374224 0.256917 -0.0902196 -0.700697 -0.707732 11458.dat
1 8 213.318 -345.203 -487.866 0.600045 0.520546 0.607438 0.794182 -0.478781 -0.374224 0.0960282 0.706968 -0.700697 11458.dat
1 14 197.571 -358.51 -499.02 0.736816 0.431437 -0.520546 0.670265 -0.567023 0.478781 -0.0885976 -0.701675 -0.706968 11458.dat
1 8 179.267 -368.622 -487.85 0.846436 0.312107 0.431437 0.523509 -0.635944 -0.567023 0.0973987 0.705809 -0.701675 11458.dat
1 14 159.272 -375.69 -498.951 0.929258 0.197662 -0.312107 0.358915 -0.683195 0.635944 -0.0875274 -0.702975 -0.705809 11458.dat
1 8 138.541 -378.53 -487.796 0.978373 0.0609617 0.197662 0.18209 -0.707168 -0.683195 0.098132 0.704412 -0.702975 11458.dat
1 14 117.668 -377.532 -499.354 0.996195 -0.0622943 -0.0609617 -0.000938307 -0.707044 0.707168 -0.0871553 -0.70442 -0.704412 11458.dat
1 8 97.315 -372.708 -488.197 0.978028 -0.19895 -0.0622943 -0.183935 -0.682829 -0.707044 0.0981298 0.702968 -0.70442 11458.dat
1 14 77.792 -364.417 -499.301 0.92858 -0.313304 0.19895 -0.360664 -0.635347 0.682829 -0.0875313 -0.705816 -0.702968 11458.dat
1 8 60.552 -352.589 -488.125 0.845448 -0.432505 -0.313304 -0.525104 -0.566216 -0.635347 0.0973932 0.70167 -0.705816 11458.dat
1 14 45.906 -338.065 -499.269 0.735551 -0.521447 0.432505 -0.671651 -0.477791 0.566216 -0.0886044 -0.706973 -0.70167 11458.dat
1 8 34.097 -320.831 -488.064 0.598547 -0.608142 -0.521447 -0.795313 -0.373086 -0.477791 0.0960202 0.700694 -0.706973 11458.dat
1 14 25.276 -301.504 -499.109 0.443191 -0.658594 0.608142 -0.891875 -0.255668 0.373086 -0.0902294 -0.707735 -0.700694 11458.dat
1 8 20.494 -281.189 -487.861 0.270692 -0.702127 -0.658594 -0.958047 -0.129539 -0.255668 0.0941979 0.70017 -0.707735 11458.dat
1 14 19.392 -260.569 -498.907 0.0910107 -0.706213 0.702127 -0.991574 0.00100337 0.129539 -0.092187 -0.707999 -0.70017 11458.dat
1 8 22.268 -239.915 -487.62 -0.0938138 -0.701757 -0.706213 -0.991313 0.131512 0.00100337 0.0921712 0.700173 -0.707999 11458.dat
1 14 28.789 -219.653 -498.574 -0.273399 -0.657869 0.701757 -0.957276 0.257541 -0.131512 -0.0942121 -0.707731 -0.700173 11458.dat
1 8 38.923 -201.457 -487.246 -0.445711 -0.607084 -0.657869 -0.89062 0.374793 0.257541 0.090216 0.700699 -0.707731 11458.dat
1 14 52.097 -185.483 -498.241 -0.600793 -0.520094 0.607084 -0.793616 0.479274 -0.374793 -0.0960338 -0.706966 -0.700699 11458.dat
1 8 68.116 -172.205 -486.879 -0.737447 -0.430903 -0.520094 -0.669571 0.567424 0.479274 0.0885933 0.701678 -0.706966 11458.dat
1 14 86.605 -161.588 -497.765 -0.846928 -0.311507 0.430903 -0.52271 0.636241 -0.567424 -0.0974019 -0.705806 -0.701678 11458.dat
1 8 106.342 -155.022 -486.387 -0.929596 -0.197019 -0.311507 -0.358039 0.683378 0.636241 0.087525 0.702978 -0.705806 11458.dat
0
