0 Untitled
0 Name: model.ldr
0 Author: BrickCamp (by Tobias Buckdahn)
0 Unofficial Model
0 ROTATION CENTER 0 0 0 1 "Custom" 
0 ROTATION CONFIG 0 0
0 MLCAD BTG Y2
1 14 112.547 -115.859 -38.99 0.00231153 -0.579227 0.815162 -0.709406 0.573576 0.409576 -0.704795 -0.579227 -0.409582 59443.dat
0 MLCAD BTG Y2
1 72 139.105 -100.788 -54.074 -0.579227 -0.815162 -0.00231153 0.573576 -0.409576 0.709406 -0.579227 0.409582 0.704795 48729b.dat
0 MLCAD BTG Y2
1 14 75.792 -115.874 -2.247 0.704795 -0.579227 -0.409582 0.709406 0.573576 0.409576 -0.00231153 -0.579227 0.815162 59443.dat
0 MLCAD BTG Y2
1 72 60.708 -100.802 24.309 -0.579227 0.409582 -0.704795 0.573576 -0.409576 -0.709406 -0.579227 -0.815162 0.00231153 48729b.dat
0 MLCAD BTG Y2
1 14 75.927 -152.735 -38.883 -0.707106 -0.579227 -0.405579 0 0.573576 -0.819152 0.707106 -0.579227 -0.405579 59443.dat
0 MLCAD BTG Y2
1 72 60.977 -179.437 -53.831 -0.579227 0.405579 0.707106 0.573576 0.819152 0 -0.579227 0.405579 -0.707106 48729b.dat
0 MLCAD BTG Y2
1 71 88.092 -128.147 -26.702 0.00231153 -0.579227 0.815162 -0.709406 0.573576 0.409576 -0.704795 -0.579227 -0.409582 57585.dat
0 MLCAD BTG Y1
1 14 112.64 -115.415 -111.85 -0.00691763 -0.575454 0.817804 0.704769 0.577374 0.412236 -0.709403 0.579214 0.401568 59443.dat
0 MLCAD BTG Y1
1 72 139.294 -100.245 -97.039 -0.575454 -0.817804 0.00691763 0.577374 -0.412236 -0.704769 0.579214 -0.401568 0.709403 48729b.dat
0 MLCAD BTG Y1
1 14 76.006 -152.275 -111.504 0.711697 -0.575454 -0.402912 0.00462177 0.577374 -0.816466 0.70247 0.579214 0.413576 59443.dat
0 MLCAD BTG Y1
1 72 61.156 -178.882 -96.285 -0.575454 0.402912 -0.711697 0.577374 0.816466 -0.00462177 0.579214 -0.413576 -0.70247 48729b.dat
0 MLCAD BTG Y1
1 14 75.662 -115.643 -148.368 -0.70478 -0.575454 -0.414893 -0.709391 0.577374 0.40423 0.00693318 0.579214 -0.815145 59443.dat
0 MLCAD BTG Y1
1 72 60.403 -100.744 -174.918 -0.575454 0.414893 0.70478 0.577374 -0.40423 0.709391 0.579214 0.815145 -0.00693318 48729b.dat
0 MLCAD BTG Y1
1 71 88.106 -127.784 -123.898 -0.00691763 -0.575454 0.817804 0.704769 0.577374 0.412236 -0.709403 0.579214 0.401568 57585.dat
0 GROUP 7 Y1
0 GROUP 7 Y2
0 MLCAD BTG Y4
1 14 1.233 -114.9 -3.129 0.70478 0.575454 0.414893 -0.709391 0.577374 0.40423 -0.00693318 -0.579214 0.815145 59443.dat
0 MLCAD BTG Y4
1 71 -11.212 -127.041 -27.6 0.00691763 0.575454 -0.817804 0.704769 0.577374 0.412236 0.709403 -0.579214 -0.401568 57585.dat
0 MLCAD BTG Y4
1 14 0.889 -151.532 -39.994 -0.711697 0.575454 0.402912 0.00462177 0.577374 -0.816466 -0.70247 -0.579214 -0.413576 59443.dat
0 MLCAD BTG Y4
1 14 -35.746 -114.672 -39.647 0.00691763 0.575454 -0.817804 0.704769 0.577374 0.412236 0.709403 -0.579214 -0.401568 59443.dat
0 MLCAD BTG Y4
1 72 -62.4 -99.502 -54.458 0.575454 0.817804 -0.00691763 0.577374 -0.412236 -0.704769 -0.579214 0.401568 -0.709403 48729b.dat
0 MLCAD BTG Y4
1 72 15.739 -178.139 -55.213 0.575454 -0.402912 0.711697 0.577374 0.816466 -0.00462177 -0.579214 0.413576 0.70247 48729b.dat
0 MLCAD BTG Y4
1 72 16.493 -100.001 23.42 0.575454 -0.414893 -0.70478 0.577374 -0.40423 0.709391 -0.579214 -0.815145 0.00693318 48729b.dat
0 GROUP 7 Y4
0 GROUP 7 Y3
0 MLCAD BTG Y3
1 14 -35.653 -115.116 -112.508 -0.00231153 0.579227 -0.815162 -0.709406 0.573576 0.409576 0.704795 0.579227 0.409582 59443.dat
0 MLCAD BTG Y3
1 72 -62.209 -100.045 -97.424 0.579227 0.815162 0.00231153 0.573576 -0.409576 0.709406 0.579227 -0.409582 -0.704795 48729b.dat
0 MLCAD BTG Y3
1 14 1.101 -115.131 -149.25 -0.704795 0.579227 0.409582 0.709406 0.573576 0.409576 0.00231153 0.579227 -0.815162 59443.dat
0 MLCAD BTG Y3
1 72 16.186 -100.059 -175.807 0.579227 -0.409582 0.704795 0.573576 -0.409576 -0.709406 0.579227 0.815162 -0.00231153 48729b.dat
0 MLCAD BTG Y3
1 14 0.967 -151.992 -112.616 0.707106 0.579227 0.405579 0 0.573576 -0.819152 -0.707106 0.579227 0.405579 59443.dat
0 MLCAD BTG Y3
1 72 15.915 -178.694 -97.667 0.579227 -0.405579 -0.707106 0.573576 0.819152 0 0.579227 -0.405579 0.707106 48729b.dat
0 MLCAD BTG Y3
1 71 -11.199 -127.404 -124.794 -0.00231153 0.579227 -0.815162 -0.709406 0.573576 0.409576 0.704795 0.579227 0.409582 57585.dat
1 0 140.312 -79.342 -75.656 0.00231153 -0.999972 -0.00691692 -0.709406 -0.00651491 0.704768 -0.704795 0.00327815 -0.709402 75937.dat
1 0 38.49 -182.34 -75.657 -0.707107 0 -0.707106 0 0.999999 0 0.707107 0 -0.707106 75937.dat
1 0 38.571 -78.203 26.84 0.704795 0.00327815 -0.709402 0.709406 -0.00651491 0.704768 -0.00231153 -0.999972 -0.00691692 75937.dat
1 0 -63.415 -78.599 -75.841 -0.00231153 0.999972 0.00691692 -0.709406 -0.00651491 0.704768 0.704795 -0.00327815 0.709402 75937.dat
1 0 38.32 -77.46 -178.338 -0.704795 -0.00327815 0.709402 0.709406 -0.00651491 0.704768 0.00231153 0.999972 0.00691692 75937.dat
0 MLCAD BTG 2nd half
1 14 74.922 -41.258 -1.77 -0.704795 -0.579227 -0.409582 0.709406 -0.573576 -0.409576 0.00231153 -0.579227 0.815162 59443.dat
0 MLCAD BTG 2nd half
1 72 59.838 -56.329 24.787 -0.579227 0.409582 0.704795 -0.573576 0.409576 -0.709406 -0.579227 -0.815162 -0.00231153 48729b.dat
0 MLCAD BTG 2nd half
1 14 111.665 -41.242 -38.527 -0.00231153 -0.579227 0.815162 -0.709406 -0.573576 -0.409576 0.704795 -0.579227 -0.409582 59443.dat
0 MLCAD BTG 2nd half
1 72 138.221 -56.315 -53.61 -0.579227 -0.815162 0.00231153 -0.573576 0.409576 0.709406 -0.579227 0.409582 -0.704795 48729b.dat
0 MLCAD BTG 2nd half
1 14 75.03 -4.382 -38.391 0.707106 -0.579227 -0.405579 0 -0.573576 0.819152 -0.707106 -0.579227 -0.405579 59443.dat
0 MLCAD BTG 2nd half
1 72 60.081 22.32 -53.341 -0.579227 0.405579 -0.707106 -0.573576 -0.819152 0 -0.579227 0.405579 0.707106 48729b.dat
0 MLCAD BTG 2nd half
1 71 87.211 -28.97 -26.225 -0.704795 -0.579227 -0.409582 0.709406 -0.573576 -0.409576 0.00231153 -0.579227 0.815162 57585.dat
0 MLCAD BTG 2nd half
1 14 2.062 -41.702 -1.678 -0.709403 0.579214 0.401568 -0.704769 -0.577374 -0.412236 -0.00691763 -0.575454 0.817804 59443.dat
0 MLCAD BTG 2nd half
1 72 16.873 -56.872 24.976 0.579214 -0.401568 0.709403 -0.577374 0.412236 0.704769 -0.575454 -0.817804 0.00691763 48729b.dat
0 MLCAD BTG 2nd half
1 14 2.408 -4.842 -38.312 0.70247 0.579214 0.413576 -0.00462177 -0.577374 0.816466 0.711697 -0.575454 -0.402912 59443.dat
0 MLCAD BTG 2nd half
1 72 17.628 21.765 -53.163 0.579214 -0.413576 -0.70247 -0.577374 -0.816466 0.00462177 -0.575454 0.402912 -0.711697 48729b.dat
0 MLCAD BTG 2nd half
1 14 -34.455 -41.474 -38.656 0.00693318 0.579214 -0.815145 0.709391 -0.577374 -0.40423 -0.70478 -0.575454 -0.414893 59443.dat
0 MLCAD BTG 2nd half
1 72 -61.006 -56.373 -53.916 0.579214 0.815145 -0.00693318 -0.577374 0.40423 -0.709391 -0.575454 0.414893 0.70478 48729b.dat
0 MLCAD BTG 2nd half
1 71 -9.986 -29.333 -26.212 -0.709403 0.579214 0.401568 -0.704769 -0.577374 -0.412236 -0.00691763 -0.575454 0.817804 57585.dat
0 MLCAD BTG 2nd half
1 14 110.783 -42.217 -113.086 -0.00693318 -0.579214 0.815145 0.709391 -0.577374 -0.40423 0.70478 0.575454 0.414893 59443.dat
0 MLCAD BTG 2nd half
1 71 86.313 -30.076 -125.531 0.709403 -0.579214 -0.401568 -0.704769 -0.577374 -0.412236 0.00691763 0.575454 -0.817804 57585.dat
0 MLCAD BTG 2nd half
1 14 73.918 -5.585 -113.43 -0.70247 -0.579214 -0.413576 -0.00462177 -0.577374 0.816466 -0.711697 0.575454 0.402912 59443.dat
0 MLCAD BTG 2nd half
1 14 74.265 -42.445 -150.063 0.709403 -0.579214 -0.401568 -0.704769 -0.577374 -0.412236 0.00691763 0.575454 -0.817804 59443.dat
0 MLCAD BTG 2nd half
1 72 59.454 -57.615 -176.719 -0.579214 0.401568 -0.709403 -0.577374 0.412236 0.704769 0.575454 0.817804 -0.00691763 48729b.dat
0 MLCAD BTG 2nd half
1 72 58.699 21.023 -98.58 -0.579214 0.413576 0.70247 -0.577374 -0.816466 0.00462177 0.575454 -0.402912 0.711697 48729b.dat
0 MLCAD BTG 2nd half
1 72 137.333 -57.116 -97.824 -0.579214 -0.815145 0.00693318 -0.577374 0.40423 -0.709391 0.575454 -0.414893 -0.70478 48729b.dat
0 MLCAD BTG 2nd half
1 14 1.404 -42 -149.971 0.704795 0.579227 0.409582 0.709406 -0.573576 -0.409576 -0.00231153 0.579227 -0.815162 59443.dat
0 MLCAD BTG 2nd half
1 72 16.487 -57.072 -176.528 0.579227 -0.409582 -0.704795 -0.573576 0.409576 -0.709406 0.579227 0.815162 0.00231153 48729b.dat
0 MLCAD BTG 2nd half
1 14 -35.339 -41.986 -113.217 0.00231153 0.579227 -0.815162 -0.709406 -0.573576 -0.409576 -0.704795 0.579227 0.409582 59443.dat
0 MLCAD BTG 2nd half
1 72 -61.895 -57.058 -98.132 0.579227 0.815162 -0.00231153 -0.573576 0.409576 0.709406 0.579227 -0.409582 0.704795 48729b.dat
0 MLCAD BTG 2nd half
1 14 1.297 -5.125 -113.351 -0.707106 0.579227 0.405579 0 -0.573576 0.819152 0.707106 0.579227 0.405579 59443.dat
0 MLCAD BTG 2nd half
1 72 16.246 21.577 -98.403 0.579227 -0.405579 0.707106 -0.573576 -0.819152 0 0.579227 -0.405579 -0.707106 48729b.dat
0 MLCAD BTG 2nd half
1 71 -10.882 -29.712 -125.517 0.704795 0.579227 0.409582 0.709406 -0.573576 -0.409576 -0.00231153 0.579227 -0.815162 57585.dat
0 MLCAD BTG 2nd half
1 0 38.255 25.223 -75.829 0.707107 0 -0.707106 0 -0.999999 0 -0.707107 0 -0.707106 75937.dat
0 GROUP 29 2nd half
0
