0 untitled model
0 Name: 
0 Author: BrickCamp (by Tobias Buckdahn)
1 4 1.679245 74.384789 111.492325 0 -0.5 -0.866025 -1 0 0 0 0.866025 -0.5 52107.dat
1 4 1.679237 34.384789 111.49234 0 -0.5 -0.866025 -1 0 0 0 0.866025 -0.5 52107.dat
1 4 1.679249 -5.615185 111.492317 0 -0.5 -0.866025 -1 0 0 0 0.866025 -0.5 52107.dat
1 14 -32.76561 84.384789 103.152573 -0.5 0.866025 0 0 0 1 0.866025 0.5 -0 3005.dat
1 14 -32.76561 44.384811 103.152565 -0.5 0.866025 0 0 0 1 0.866025 0.5 -0 3005.dat
1 14 -32.76561 4.384804 103.152557 -0.5 0.866025 0 0 0 1 0.866025 0.5 -0 3005.dat
1 14 26.124113 -15.615196 137.152557 -0.5 -0.866025 0 -0 0 -1 0.866025 -0.5 -0 3005.dat
1 14 26.124098 24.384804 137.152588 -0.5 -0.866025 0 -0 0 -1 0.866025 -0.5 -0 3005.dat
1 14 26.124113 64.384804 137.152557 -0.5 -0.866025 0 -0 0 -1 0.866025 -0.5 -0 3005.dat
1 25 -32.76561 64.384804 103.152565 -0 0.866025 -0.5 -1 -0 0 0 0.5 0.866025 3040b.dat
1 25 -32.765625 24.384804 103.152588 -0 0.866025 -0.5 -1 -0 0 0 0.5 0.866025 3040b.dat
1 25 26.124109 84.384789 137.152573 0 -0.866025 -0.5 1 0 -0 0 -0.5 0.866025 3040b.dat
1 25 26.124113 44.384811 137.152557 0 -0.866025 -0.5 1 0 -0 0 -0.5 0.866025 3040b.dat
1 25 26.124117 4.384804 137.152557 0 -0.866025 -0.5 1 0 -0 0 -0.5 0.866025 3040b.dat
1 25 -32.76561 -15.615196 103.152565 -0 0.866025 -0.5 -1 -0 0 0 0.5 0.866025 3040b.dat
1 25 13.679245 -15.615192 90.70771 -0 -0.5 -0.866025 -1 -0 0 -0 0.866025 -0.5 3040b.dat
1 25 13.679245 24.384785 90.70771 -0 -0.5 -0.866025 -1 -0 0 -0 0.866025 -0.5 3040b.dat
1 25 13.679245 64.384781 90.70771 -0 -0.5 -0.866025 -1 -0 0 -0 0.866025 -0.5 3040b.dat
1 25 13.679249 84.384758 90.707703 0 -0.5 0.866025 0.999999 0 -0 -0 0.866025 0.5 3040b.dat
1 25 13.679237 44.384781 90.707726 0 -0.5 0.866025 0.999999 0 -0 -0 0.866025 0.5 3040b.dat
1 25 13.679237 4.384789 90.707726 0 -0.5 0.866025 0.999999 0 -0 -0 0.866025 0.5 3040b.dat
1 4 2.042347 -87.834175 120.554657 0.258819 -0.933012 -0.25 -0.965925 -0.25 -0.066987 -0 0.258819 -0.965925 52107.dat
1 46 -22.375925 -84.024277 74.846596 -0.933012 0.25 -0.258819 -0.25 0.066987 0.965925 0.258819 0.965925 -0 3005.dat
1 46 7.800417 -96.644005 171.439117 -0.933012 -0.25 0.258819 -0.25 -0.066987 -0.965926 0.258819 -0.965925 -0 3005.dat
1 57 2.624054 -77.325554 171.439117 -0.258819 -0.25 -0.933012 0.965925 -0.066987 -0.25 0 -0.965925 0.258819 3040b.dat
1 57 -17.199608 -103.342758 74.846573 0.258819 0.25 -0.933012 -0.965925 0.066987 -0.25 -0 0.965925 0.258819 3040b.dat
1 57 41.951004 -87.493454 110.201904 0.258819 -0.933012 -0.25 -0.965925 -0.25 -0.066987 -0 0.258819 -0.965925 3040b.dat
1 57 36.774643 -68.174881 110.201897 -0.258819 -0.933012 0.25 0.965925 -0.25 0.066987 -0 0.258819 0.965925 3040b.dat