0 untitled model
0 Name: 
0 Author: BrickCamp (by Tobias Buckdahn)
1 25 0 0 0 1 0 0 0 1 0 -0 0 1 41677.dat
1 4 0 -8 0 1 0 0 0 1 0 -0 0 1 30374.dat
1 25 0 64 0 1 0 0 0 1 0 -0 0 1 41677.dat
1 14 0 10 20 0.866025 0 -0.5 0 1 0 0.5 0 0.866025 41677.dat
1 4 0 -8 20 1 0 0 0 1 0 -0 0 1 30374.dat
1 14 0 54 20 0.866025 0 -0.5 0 1 0 0.5 0 0.866025 41677.dat
1 25 -10.163304 0 37.233799 0.5 0 -0.866025 0 1 0 0.866025 0 0.5 41677.dat
1 4 -10.163304 -8 37.233799 0.5 0 -0.866025 0 1 0 0.866025 0 0.5 30374.dat
1 25 -10.163304 64 37.233799 0.5 0 -0.866025 0 1 0 0.866025 0 0.5 41677.dat
1 14 -27.48381 10 47.233807 0 0 -1 0 1 0 1 0 0 41677.dat
1 4 -27.48381 -8 47.233807 0.5 0 -0.866025 0 1 0 0.866025 0 0.5 30374.dat
1 14 -27.48381 54 47.233807 0 0 -1 0 1 0 1 0 0 41677.dat
1 25 -47.78566 0 48.38356 -0.5 0 -0.866026 0 1 0 0.866026 0 -0.5 41677.dat
1 4 -47.78566 -8 48.38356 -0.5 0 -0.866026 0 1 0 0.866026 0 -0.5 30374.dat
1 25 -47.78566 64 48.38356 -0.5 0 -0.866026 0 1 0 0.866026 0 -0.5 41677.dat
1 14 -65.106171 10 38.38356 -0.866025 0 -0.5 0 1 0 0.5 0 -0.866025 41677.dat
1 4 -65.106171 -8 38.38356 -0.5 0 -0.866026 0 1 0 0.866026 0 -0.5 30374.dat
1 14 -65.106171 54 38.38356 -0.866025 0 -0.5 0 1 0 0.5 0 -0.866025 41677.dat
1 25 -74.949425 0 20.964985 -1 0 -0 0 1 0 0 0 -1 41677.dat
1 4 -74.949425 -8 20.964985 -1 0 -0 0 1 0 0 0 -1 30374.dat
1 25 -74.949425 64 20.964985 -1 0 -0 0 1 0 0 0 -1 41677.dat
1 14 -74.949432 10 0.964981 -0.866025 0 0.5 0 1 0 -0.5 0 -0.866025 41677.dat
1 4 -74.949432 -8 0.964981 -1 0 -0 0 1 0 0 0 -1 30374.dat
1 14 -74.949432 54 0.964981 -0.866026 0 0.5 0 1 0 -0.5 0 -0.866026 41677.dat
1 25 -65.021469 0 -16.238625 -0.5 0 0.866025 0 1 0 -0.866025 0 -0.5 41677.dat
1 4 -65.021469 -8 -16.238625 -0.5 0 0.866025 0 1 0 -0.866025 0 -0.5 30374.dat
1 25 -65.021469 64 -16.238625 -0.5 0 0.866025 0 1 0 -0.866025 0 -0.5 41677.dat
1 14 -47.700966 10 -26.238626 -0 0 1 0 1 0 -1 0 -0 41677.dat
1 4 -47.700966 -8 -26.238626 -0.5 0 0.866025 0 1 0 -0.866025 0 -0.5 30374.dat
1 14 -47.700966 54 -26.238626 -0 0 1 0 1 0 -1 0 -0 41677.dat
1 25 -27.694407 0 -26.053848 0.5 0 0.866026 0 1 0 -0.866026 0 0.5 41677.dat
1 4 -27.694407 -8 -26.053848 0.5 0 0.866026 0 1 0 -0.866026 0 0.5 30374.dat
1 25 -27.694407 64 -26.053848 0.5 0 0.866026 0 1 0 -0.866026 0 0.5 41677.dat
1 14 -10.373892 10 -16.053854 0.866025 0 0.5 0 1 0 -0.5 0 0.866025 41677.dat
1 4 -10.373892 -8 -16.053854 0.5 0 0.866026 0 1 0 -0.866026 0 0.5 30374.dat
1 14 -10.373892 54 -16.053854 0.866025 0 0.5 0 1 0 -0.5 0 0.866025 41677.dat