0 untitled model
0 Name: 
0 Author: BrickCamp (by Tobias Buckdahn)
1 14 2.8 1 0 -1 0 0 0 1 0 0 0 -1 4276b.dat
1 25 2.8 9 0 1 0 0 0 1 0 -0 0 1 4275b.dat
1 14 21.196156 41 0 0.5 -0.866025 0 -0.866025 -0.5 0 0 0 -1 4276b.dat
1 25 14.267952 37 0 -0.5 -0.866025 0 0.866025 -0.5 0 0 0 1 4275b.dat
1 14 -23.196154 37.000004 0 0.5 0.866026 0 0.866025 -0.5 0 0 0 -1 4276b.dat
1 25 -16.26795 33.000004 0 -0.5 0.866026 0 -0.866026 -0.5 0 0 0 1 4275b.dat