0 untitled model
0 Name: 
0 Author: BrickCamp (by Tobias Buckdahn)
1 25 30 0 -30 1 0 0 0 1 0 -0 0 1 4032a.dat
1 25 50 -8 -30 1 0 0 0 1 0 -0 0 1 4032a.dat
1 4 -9.660444 0 -8.572124 0.766044 0 0.642788 0 1 0 -0.642788 0 0.766044 4032a.dat
1 4 5.660444 -8 -21.427876 0.766044 0 0.642788 0 1 0 -0.642788 0 0.766044 4032a.dat
1 14 -26.079185 0 33.524769 0.173648 0 0.984808 0 1 0 -0.984808 0 0.173648 4032a.dat
1 14 -22.60622 -8 13.828613 0.173648 0 0.984808 0 1 0 -0.984808 0 0.173648 4032a.dat
1 25 -11.863813 0 76.303589 -0.5 0 0.866025 0 1 0 -0.866025 0 -0.5 4032a.dat
1 25 -21.863811 -8 58.983086 -0.5 0 0.866025 0 1 0 -0.866025 0 -0.5 4032a.dat
1 4 26.504194 0 99.486221 -0.939693 0 0.34202 0 1 0 -0.34202 0 -0.939693 4032a.dat
1 4 7.71035 -8 92.645828 -0.939693 0 0.34202 0 1 0 -0.34202 0 -0.939693 4032a.dat
1 14 71.101593 0 92.915283 -0.939693 0 -0.34202 0 1 0 0.34202 0 -0.939693 4032a.dat
1 14 52.307739 -8 99.755692 -0.939693 0 -0.34202 0 1 0 0.34202 0 -0.939693 4032a.dat
1 25 100.928146 0 58.972687 -0.5 0 -0.866025 0 1 0 0.866025 0 -0.5 4032a.dat
1 25 90.928146 -8 76.293198 -0.5 0 -0.866025 0 1 0 0.866025 0 -0.5 4032a.dat
1 4 102.201286 0 13.9118 0.173648 0 -0.984808 0 1 0 0.984808 0 0.173648 4032a.dat
1 4 105.674248 -8 33.607952 0.173648 0 -0.984808 0 1 0 0.984808 0 0.173648 4032a.dat
1 14 74.277328 0 -21.667999 0.766044 0 -0.642788 0 1 0 0.642788 0 0.766044 4032a.dat
1 14 89.598206 -8 -8.812248 0.766044 0 -0.642788 0 1 0 0.642788 0 0.766044 4032a.dat
1 25 30 -16 -30 1 0 0 0 1 0 -0 0 1 4032a.dat
1 25 50 -24 -30 1 0 0 0 1 0 -0 0 1 4032a.dat
1 4 -9.660444 -16 -8.572124 0.766044 0 0.642788 0 1 0 -0.642788 0 0.766044 4032a.dat
1 4 5.660444 -24 -21.427876 0.766044 0 0.642788 0 1 0 -0.642788 0 0.766044 4032a.dat
1 14 -26.079185 -16 33.524769 0.173648 0 0.984808 0 1 0 -0.984808 0 0.173648 4032a.dat
1 14 -22.60622 -24 13.828613 0.173648 0 0.984808 0 1 0 -0.984808 0 0.173648 4032a.dat
1 25 -11.863813 -16 76.303589 -0.5 0 0.866025 0 1 0 -0.866025 0 -0.5 4032a.dat
1 25 -21.863811 -24 58.983086 -0.5 0 0.866025 0 1 0 -0.866025 0 -0.5 4032a.dat
1 4 26.504194 -16 99.486221 -0.939693 0 0.34202 0 1 0 -0.34202 0 -0.939693 4032a.dat
1 4 7.71035 -24 92.645828 -0.939693 0 0.34202 0 1 0 -0.34202 0 -0.939693 4032a.dat
1 14 71.101593 -16 92.915283 -0.939693 0 -0.34202 0 1 0 0.34202 0 -0.939693 4032a.dat
1 14 52.307739 -24 99.755692 -0.939693 0 -0.34202 0 1 0 0.34202 0 -0.939693 4032a.dat
1 25 100.928146 -16 58.972687 -0.5 0 -0.866025 0 1 0 0.866025 0 -0.5 4032a.dat
1 25 90.928146 -24 76.293198 -0.5 0 -0.866025 0 1 0 0.866025 0 -0.5 4032a.dat
1 4 102.201286 -16 13.9118 0.173648 0 -0.984808 0 1 0 0.984808 0 0.173648 4032a.dat
1 4 105.674248 -24 33.607952 0.173648 0 -0.984808 0 1 0 0.984808 0 0.173648 4032a.dat
1 14 74.277328 -16 -21.667999 0.766044 0 -0.642788 0 1 0 0.642788 0 0.766044 4032a.dat
1 14 89.598206 -24 -8.812248 0.766044 0 -0.642788 0 1 0 0.642788 0 0.766044 4032a.dat