0 untitled model
0 Name: 
0 Author: BrickCamp (by Tobias Buckdahn)
1 72 0 23.586613 -5.777618 1 0 0 0 0.961262 0.275637 0 -0.275637 0.961262 57518.dat
1 72 0 3.425976 -62.257751 1 0 0 0 0.848048 0.529919 0 -0.529919 0.848048 57518.dat
1 72 0 15.628075 -34.851383 1 0 0 0 0.913545 0.406737 0 -0.406737 0.913545 57518.dat
1 72 0 -31.674706 -110.460342 1 0 0 0 0.669131 0.743145 0 -0.743145 0.669131 57518.dat
1 72 0 -12.391068 -87.479012 1 0 0 0 0.766044 0.642788 0 -0.642788 0.766044 57518.dat
1 72 0 -78.701805 -147.674713 1 0 0 0 0.438371 0.898794 0 -0.898794 0.438371 57518.dat
1 72 0 -53.830673 -130.898926 1 0 0 0 0.559193 0.829038 0 -0.829038 0.559193 57518.dat
1 72 0 -134.874313 -170.776337 1 0 0 0 0.173648 0.984808 0 -0.984808 0.173648 57518.dat
1 72 0 -106.342628 -161.505814 1 0 0 0 0.309017 0.951056 0 -0.951056 0.309017 57518.dat
1 72 0 -194.476151 -177.415344 1 0 0 0 -0.104528 0.994522 0 -0.994522 -0.104528 57518.dat
1 72 0 -164.494446 -176.368347 1 0 0 0 0.0349 0.999391 0 -0.999391 0.0349 57518.dat
1 72 0 -253.187531 -166.997681 1 0 0 0 -0.374606 0.927184 0 -0.927184 -0.374606 57518.dat
1 72 0 -224.078613 -174.255341 1 0 0 0 -0.241922 0.970296 0 -0.970296 -0.241922 57518.dat
1 72 0 -307.250885 -141.043732 1 0 0 0 -0.615662 0.788011 0 -0.788011 -0.615662 57518.dat
1 72 0 -281.270081 -156.043716 1 0 0 0 -0.5 0.866025 0 -0.866025 -0.5 57518.dat
1 72 0 -351.751892 -100.877365 1 0 0 0 -0.809017 0.587785 0 -0.587785 -0.809017 57518.dat
1 72 0 -330.912231 -122.45752 1 0 0 0 -0.71934 0.694658 0 -0.694658 -0.71934 57518.dat
1 72 0 -383.846771 -50.217911 1 0 0 0 -0.939693 0.34202 0 -0.34202 -0.939693 57518.dat
1 72 0 -369.762604 -76.706375 1 0 0 0 -0.882948 0.469472 0 -0.469472 -0.882948 57518.dat
1 72 0 -393.983429 -22.226181 1 0 0 0 -0.978148 0.207912 0 -0.207912 -0.978148 57518.dat
1 72 0 -400.165619 37.478058 1 0 0 0 -0.990268 -0.139173 0 0.139173 -0.990268 57518.dat
1 72 0 -400.165588 7.4781 1 0 0 0 -1 -0 0 0 -1 57518.dat
1 72 0 -388.061737 96.214256 1 0 0 0 -0.913545 -0.406736 0 0.406736 -0.913545 57518.dat
1 72 0 -396.330902 67.376495 1 0 0 0 -0.961261 -0.275637 0 0.275637 -0.961261 57518.dat
1 72 0 -376.167633 123.498291 1 0 0 0 -0.848048 -0.529919 0 0.529919 -0.848048 57518.dat
1 72 0 -341.219971 172.233429 1 0 0 0 -0.669131 -0.743145 0 0.743145 -0.669131 57518.dat
1 72 0 -360.503601 149.252106 1 0 0 0 -0.766044 -0.642788 0 0.642788 -0.766044 57518.dat
1 72 0 -294.192627 208.893646 1 0 0 0 -0.438371 -0.898794 0 0.898794 -0.438371 57518.dat
1 72 0 -319.063782 192.11792 1 0 0 0 -0.559193 -0.829038 0 0.829038 -0.559193 57518.dat
1 72 0 -238.729568 231.70401 1 0 0 0 -0.173648 -0.984808 0 0.984808 -0.173648 57518.dat
1 72 0 -267.261261 222.433502 1 0 0 0 -0.309017 -0.951056 0 0.951056 -0.309017 57518.dat
1 72 0 -178.365448 238.42749 1 0 0 0 0.104528 -0.994522 0 0.994522 0.104528 57518.dat
1 72 0 -208.347153 237.380402 1 0 0 0 -0.034899 -0.999391 0 0.999391 -0.034899 57518.dat
1 72 0 -119.242508 228.380798 1 0 0 0 0.374607 -0.927184 0 0.927184 0.374607 57518.dat
1 72 0 -148.351349 235.638428 1 0 0 0 0.241922 -0.970295 0 0.970295 0.241922 57518.dat
1 72 0 -66.677002 202.183655 1 0 0 0 0.615661 -0.788011 0 0.788011 0.615661 57518.dat
1 72 0 -91.657822 217.183685 1 0 0 0 0.5 -0.866025 0 0.866025 0.5 57518.dat
1 72 0 -22.861877 162.333221 1 0 0 0 0.809017 -0.587785 0 0.587785 0.809017 57518.dat
1 72 0 -42.701675 183.913391 1 0 0 0 0.71934 -0.694658 0 0.694658 0.71934 57518.dat
1 72 0 7.843872 111.456696 1 0 0 0 0.939693 -0.34202 0 0.34202 0.939693 57518.dat
1 72 0 -6.240158 137.945038 1 0 0 0 0.882948 -0.469471 0 0.469471 0.882948 57518.dat
1 72 0 23.731812 53.913147 1 0 0 0 0.997564 -0.069756 0 0.069756 0.997564 57518.dat
1 72 0 18.494461 83.257622 1 0 0 0 0.978148 -0.207911 0 0.207911 0.978148 57518.dat
1 72 0 25.760239 24.211739 1 0 0 0 0.997564 0.069757 0 -0.069757 0.997564 57518.dat