0 untitled model
0 Name: 
0 Author: BrickCamp (by Tobias Buckdahn)
1 25 -10.000004 -42.000004 21.999994 -1 0 0 0 0 -1 0 -1 0 4733.dat
1 14 -43.999992 -42.000004 12 0 1 0 0 0 1 1 0 0 4733.dat
1 25 -34 -42.000008 -22.000002 0.999999 0 0 0 0 -1 0 0.999999 0 4733.dat
1 14 -0.00001 -42.000004 -11.999995 0 -0.999999 0 0 0 1 -0.999999 -0 0 4733.dat
1 4 -22 -4.000008 -0.000001 -0.707107 0 0.707107 0 0.999999 0 -0.707107 0 -0.707107 3022.dat
1 4 -21.999996 -80 0.000003 -0.707107 0 0.707106 -0 -0.999999 -0 0.707106 -0 0.707107 3022.dat
1 25 36 -42 48 1 0 0 0 0 -1 0 1 0 4733.dat
1 14 70 -42 58 0 -1 0 0 0 1 -1 0 0 4733.dat
1 25 60 -42 92 -1 0 0 0 0 -1 -0 -1 0 4733.dat
1 14 26 -42 82 -0 0.999999 0 0 0 1 0.999999 0 0 4733.dat
1 4 48 -28 70 0.707107 0 -0.707107 0 1 0 0.707107 0 0.707107 3022.dat
1 4 48 -56 70 0.707107 0 -0.707107 0 -1 -0 -0.707107 0 -0.707107 3022.dat