0 untitled model
0 Name: 
0 Author: BrickCamp (by Tobias Buckdahn)
1 25 -21.126846 -27.887486 -22.904037 -0.5 0.749999 -0.433013 0.224144 -0.370891 -0.901221 -0.836516 -0.547667 0.017338 60470a.dat
1 14 -28.2871 -15.084633 -15.193726 0.5 0 -0.866025 -0.224144 0.965925 -0.129409 0.836516 0.258819 0.482963 48336.dat
1 25 -29.431805 -33.350391 -19.403803 -0.5 -0.75 -0.433013 0.224144 -0.595035 0.771811 -0.836516 0.288849 0.465625 60470a.dat
1 14 -15.080054 -31.225946 -27.412849 0.5 0.749999 0.433013 -0.224144 -0.370891 0.901221 0.836516 -0.547667 -0.017338 48336.dat
1 25 -28.330236 -22.881338 -17.257057 -0.5 0 0.866025 0.224144 0.965925 0.129409 -0.836516 0.258819 -0.482963 60470a.dat
1 14 -35.521736 -37.808628 -16.958328 0.5 -0.75 0.433013 -0.224144 -0.595035 -0.771811 0.836516 0.288849 -0.465625 48336.dat
1 25 55.767944 -23.062178 40 0 0.866025 -0.5 0 -0.5 -0.866025 -1 0 0 60470a.dat
1 14 47.499996 -8.699999 40 0 0 -1 0 1 0 1 0 0 48336.dat
1 25 46.178207 -27.43301 40 0 -0.866026 -0.5 0 -0.5 0.866025 -1 0 0 60470a.dat
1 14 62.750191 -27.45385 40 0 0.866025 0.5 0 -0.5 0.866025 1 0 0 48336.dat
1 25 47.450188 -16.765068 40 0 0 1 0 1 0 -1 0 0 60470a.dat
1 14 39.146156 -31.106403 40 0 -0.866026 0.5 0 -0.5 -0.866025 1 0 0 48336.dat