0 untitled model
0 Name: 
0 Author: BrickCamp (by Tobias Buckdahn)
1 14 -154.006485 -0.450142 -94.143051 0 -1 0 1 0 0 0 0 1 32015.dat
1 25 -99.006485 -0.450142 -72.143051 -0 -0.366501 0.930417 1 -0 0 0 0.930417 0.366501 32015.dat
1 14 -58.006485 -0.450142 -115.143051 -0 0.731353 0.681998 1 0 0 0 0.681998 -0.731353 32015.dat
1 25 -83.006485 -0.450142 -169.143051 0 0.902585 -0.430511 1 -0 0 0 -0.430511 -0.902585 32015.dat
1 14 -143.006485 -0.450142 -165.143051 -0 -0.069757 -0.997564 1 -0 -0 0 -0.997564 0.069757 32015.dat
1 4 5.993515 -0.450142 -115.143051 0 0.99939 -0.034899 0.707107 -0.024677 -0.706675 -0.707107 -0.024677 -0.706675 32015.dat